survey_id,total packs owned,number free,Percent Free,Purchased
1,9,2,0.2222222222222222,7
2,20,1,0.05,19
3,76,4,0.05263157894736842,72
4,81,0,0.0,81
5,43,0,0.0,43
6,39,2,0.05128205128205128,37
7,59,1,0.01694915254237288,58
8,81,2,0.024691358024691357,79
9,81,57,0.7037037037037037,24
10,35,4,0.11428571428571428,31
11,25,5,0.2,20
12,11,3,0.2727272727272727,8
13,81,1,0.012345679012345678,80
14,6,3,0.5,3
15,31,4,0.12903225806451613,27
16,81,1,0.012345679012345678,80
17,18,1,0.05555555555555555,17
18,34,5,0.14705882352941177,29
19,28,1,0.03571428571428571,27
20,21,4,0.19047619047619047,17
21,56,0,0.0,56
22,48,0,0.0,48
23,45,0,0.0,45
24,26,3,0.11538461538461539,23
25,81,0,0.0,81
26,81,0,0.0,81
27,80,1,0.0125,79
28,81,0,0.0,81
29,81,2,0.024691358024691357,79
30,29,4,0.13793103448275862,25
31,8,1,0.125,7
32,79,0,0.0,79
33,19,7,0.3684210526315789,12
34,23,3,0.13043478260869565,20
35,57,1,0.017543859649122806,56
36,48,3,0.0625,45
37,35,3,0.08571428571428572,32
38,15,3,0.2,12
39,40,1,0.025,39
40,18,3,0.16666666666666666,15
41,31,0,0.0,31
42,81,1,0.012345679012345678,80
43,17,8,0.47058823529411764,9
44,41,4,0.0975609756097561,37
45,58,1,0.017241379310344827,57
46,27,4,0.14814814814814814,23
47,34,2,0.058823529411764705,32
48,38,1,0.02631578947368421,37
49,9,2,0.2222222222222222,7
50,81,1,0.012345679012345678,80
51,32,2,0.0625,30
52,50,1,0.02,49
53,51,1,0.0196078431372549,50
54,26,0,0.0,26
55,81,0,0.0,81
56,3,2,0.6666666666666666,1
57,58,0,0.0,58
58,57,6,0.10526315789473684,51
59,68,1,0.014705882352941176,67
60,21,2,0.09523809523809523,19
61,32,6,0.1875,26
62,52,3,0.057692307692307696,49
63,18,1,0.05555555555555555,17
64,17,0,0.0,17
65,66,1,0.015151515151515152,65
66,16,7,0.4375,9
67,61,4,0.06557377049180328,57
68,54,1,0.018518518518518517,53
69,15,4,0.26666666666666666,11
70,53,2,0.03773584905660377,51
71,75,1,0.013333333333333334,74
72,81,2,0.024691358024691357,79
73,22,3,0.13636363636363635,19
74,14,1,0.07142857142857142,13
75,62,1,0.016129032258064516,61
76,29,5,0.1724137931034483,24
77,81,0,0.0,81
78,12,2,0.16666666666666666,10
79,11,4,0.36363636363636365,7
80,81,1,0.012345679012345678,80
81,57,0,0.0,57
82,44,1,0.022727272727272728,43
83,5,2,0.4,3
84,51,3,0.058823529411764705,48
85,81,0,0.0,81
86,36,0,0.0,36
87,49,3,0.061224489795918366,46
88,23,4,0.17391304347826086,19
89,41,7,0.17073170731707318,34
90,16,8,0.5,8
91,31,5,0.16129032258064516,26
92,81,1,0.012345679012345678,80
93,70,0,0.0,70
94,75,0,0.0,75
95,81,0,0.0,81
96,72,1,0.013888888888888888,71
97,80,0,0.0,80
98,23,7,0.30434782608695654,16
99,19,2,0.10526315789473684,17
100,29,7,0.2413793103448276,22
101,81,2,0.024691358024691357,79
102,68,0,0.0,68
103,18,2,0.1111111111111111,16
104,20,1,0.05,19
105,81,1,0.012345679012345678,80
106,32,0,0.0,32
107,44,4,0.09090909090909091,40
108,18,0,0.0,18
109,23,5,0.21739130434782608,18
110,20,2,0.1,18
111,81,6,0.07407407407407407,75
112,23,0,0.0,23
113,29,0,0.0,29
114,39,2,0.05128205128205128,37
115,39,2,0.05128205128205128,37
116,31,1,0.03225806451612903,30
117,70,1,0.014285714285714285,69
118,36,6,0.16666666666666666,30
119,30,5,0.16666666666666666,25
120,65,0,0.0,65
121,29,4,0.13793103448275862,25
122,81,1,0.012345679012345678,80
123,16,3,0.1875,13
124,27,7,0.25925925925925924,20
125,16,2,0.125,14
126,31,0,0.0,31
127,21,5,0.23809523809523808,16
128,16,2,0.125,14
129,56,2,0.03571428571428571,54
130,30,4,0.13333333333333333,26
131,39,5,0.1282051282051282,34
132,22,2,0.09090909090909091,20
133,63,3,0.047619047619047616,60
134,28,0,0.0,28
135,67,0,0.0,67
136,76,0,0.0,76
137,26,2,0.07692307692307693,24
138,14,0,0.0,14
139,81,1,0.012345679012345678,80
140,8,1,0.125,7
141,50,6,0.12,44
142,66,6,0.09090909090909091,60
143,59,2,0.03389830508474576,57
144,27,6,0.2222222222222222,21
145,47,3,0.06382978723404255,44
146,36,3,0.08333333333333333,33
147,33,1,0.030303030303030304,32
148,8,4,0.5,4
149,30,5,0.16666666666666666,25
150,74,0,0.0,74
151,81,0,0.0,81
152,78,0,0.0,78
153,31,5,0.16129032258064516,26
154,52,0,0.0,52
155,42,9,0.21428571428571427,33
156,55,0,0.0,55
157,58,2,0.034482758620689655,56
158,60,42,0.7,18
159,10,0,0.0,10
160,15,3,0.2,12
161,38,3,0.07894736842105263,35
162,81,1,0.012345679012345678,80
163,13,0,0.0,13
164,79,2,0.02531645569620253,77
165,52,0,0.0,52
166,32,2,0.0625,30
167,22,6,0.2727272727272727,16
168,46,0,0.0,46
169,81,2,0.024691358024691357,79
170,54,0,0.0,54
171,11,4,0.36363636363636365,7
172,31,0,0.0,31
173,41,3,0.07317073170731707,38
174,46,1,0.021739130434782608,45
175,18,2,0.1111111111111111,16
176,80,0,0.0,80
177,43,1,0.023255813953488372,42
178,74,0,0.0,74
179,46,1,0.021739130434782608,45
180,27,5,0.18518518518518517,22
181,81,41,0.5061728395061729,40
182,43,6,0.13953488372093023,37
183,40,2,0.05,38
184,16,5,0.3125,11
185,43,0,0.0,43
186,81,1,0.012345679012345678,80
187,38,7,0.18421052631578946,31
188,81,1,0.012345679012345678,80
189,64,1,0.015625,63
190,43,3,0.06976744186046512,40
191,69,2,0.028985507246376812,67
192,81,0,0.0,81
193,81,4,0.04938271604938271,77
194,31,2,0.06451612903225806,29
195,13,4,0.3076923076923077,9
196,19,0,0.0,19
197,3,1,0.3333333333333333,2
198,50,4,0.08,46
199,43,1,0.023255813953488372,42
200,44,2,0.045454545454545456,42
201,14,2,0.14285714285714285,12
202,34,5,0.14705882352941177,29
203,24,4,0.16666666666666666,20
204,32,2,0.0625,30
205,29,1,0.034482758620689655,28
206,52,1,0.019230769230769232,51
207,81,0,0.0,81
208,51,3,0.058823529411764705,48
209,42,5,0.11904761904761904,37
210,70,3,0.04285714285714286,67
211,20,2,0.1,18
212,62,2,0.03225806451612903,60
213,24,0,0.0,24
214,24,3,0.125,21
215,27,3,0.1111111111111111,24
216,81,0,0.0,81
217,63,2,0.031746031746031744,61
218,41,5,0.12195121951219512,36
219,81,0,0.0,81
220,5,0,0.0,5
221,60,1,0.016666666666666666,59
222,15,5,0.3333333333333333,10
223,81,2,0.024691358024691357,79
224,18,7,0.3888888888888889,11
225,81,3,0.037037037037037035,78
226,14,4,0.2857142857142857,10
227,52,8,0.15384615384615385,44
228,36,0,0.0,36
229,33,3,0.09090909090909091,30
230,28,3,0.10714285714285714,25
231,62,3,0.04838709677419355,59
232,10,3,0.3,7
233,33,10,0.30303030303030304,23
234,35,3,0.08571428571428572,32
235,55,2,0.03636363636363636,53
236,31,2,0.06451612903225806,29
237,54,4,0.07407407407407407,50
238,34,1,0.029411764705882353,33
239,69,1,0.014492753623188406,68
240,8,1,0.125,7
241,43,4,0.09302325581395349,39
242,59,3,0.05084745762711865,56
243,81,0,0.0,81
244,27,8,0.2962962962962963,19
245,37,3,0.08108108108108109,34
246,25,3,0.12,22
247,60,4,0.06666666666666667,56
248,81,1,0.012345679012345678,80
249,53,1,0.018867924528301886,52
250,20,0,0.0,20
251,43,7,0.16279069767441862,36
252,71,0,0.0,71
253,20,2,0.1,18
254,21,5,0.23809523809523808,16
255,24,0,0.0,24
256,58,2,0.034482758620689655,56
257,80,0,0.0,80
258,52,2,0.038461538461538464,50
259,49,0,0.0,49
260,81,2,0.024691358024691357,79
261,81,0,0.0,81
262,23,0,0.0,23
263,14,5,0.35714285714285715,9
264,24,1,0.041666666666666664,23
265,15,3,0.2,12
266,15,3,0.2,12
267,1,1,1.0,0
268,4,0,0.0,4
269,28,5,0.17857142857142858,23
270,31,2,0.06451612903225806,29
271,49,9,0.1836734693877551,40
272,46,3,0.06521739130434782,43
273,57,1,0.017543859649122806,56
274,30,0,0.0,30
275,21,3,0.14285714285714285,18
276,23,2,0.08695652173913043,21
277,30,2,0.06666666666666667,28
278,50,0,0.0,50
279,81,9,0.1111111111111111,72
280,39,1,0.02564102564102564,38
281,57,0,0.0,57
282,67,0,0.0,67
283,21,4,0.19047619047619047,17
284,31,8,0.25806451612903225,23
285,46,1,0.021739130434782608,45
286,40,1,0.025,39
287,33,5,0.15151515151515152,28
288,18,6,0.3333333333333333,12
289,74,0,0.0,74
290,27,3,0.1111111111111111,24
291,12,4,0.3333333333333333,8
292,41,6,0.14634146341463414,35
293,18,3,0.16666666666666666,15
294,28,0,0.0,28
295,81,0,0.0,81
296,38,1,0.02631578947368421,37
297,27,1,0.037037037037037035,26
298,44,0,0.0,44
299,11,5,0.45454545454545453,6
300,68,5,0.07352941176470588,63
301,24,7,0.2916666666666667,17
302,49,2,0.04081632653061224,47
303,42,2,0.047619047619047616,40
304,17,2,0.11764705882352941,15
305,81,0,0.0,81
306,81,0,0.0,81
307,28,1,0.03571428571428571,27
308,78,0,0.0,78
309,50,1,0.02,49
310,39,3,0.07692307692307693,36
311,69,0,0.0,69
312,29,3,0.10344827586206896,26
313,43,38,0.8837209302325582,5
314,81,0,0.0,81
315,81,1,0.012345679012345678,80
316,81,0,0.0,81
317,81,0,0.0,81
318,37,0,0.0,37
319,31,3,0.0967741935483871,28
320,41,6,0.14634146341463414,35
321,17,4,0.23529411764705882,13
322,6,3,0.5,3
323,31,3,0.0967741935483871,28
324,18,2,0.1111111111111111,16
325,64,4,0.0625,60
326,55,6,0.10909090909090909,49
327,81,0,0.0,81
328,81,1,0.012345679012345678,80
329,81,3,0.037037037037037035,78
330,32,7,0.21875,25
331,55,2,0.03636363636363636,53
332,80,1,0.0125,79
333,57,1,0.017543859649122806,56
334,51,2,0.0392156862745098,49
335,7,0,0.0,7
336,39,3,0.07692307692307693,36
337,77,1,0.012987012987012988,76
338,81,1,0.012345679012345678,80
339,50,4,0.08,46
340,29,0,0.0,29
341,70,1,0.014285714285714285,69
342,34,6,0.17647058823529413,28
343,9,9,1.0,0
344,28,6,0.21428571428571427,22
345,2,1,0.5,1
346,81,0,0.0,81
347,70,0,0.0,70
348,60,2,0.03333333333333333,58
349,38,1,0.02631578947368421,37
350,81,0,0.0,81
351,58,2,0.034482758620689655,56
352,74,1,0.013513513513513514,73
353,81,6,0.07407407407407407,75
354,68,1,0.014705882352941176,67
355,24,0,0.0,24
356,81,0,0.0,81
357,43,4,0.09302325581395349,39
358,23,17,0.7391304347826086,6
359,72,1,0.013888888888888888,71
360,42,4,0.09523809523809523,38
361,23,1,0.043478260869565216,22
362,24,0,0.0,24
363,47,3,0.06382978723404255,44
364,27,6,0.2222222222222222,21
365,31,7,0.22580645161290322,24
366,46,33,0.717391304347826,13
367,34,7,0.20588235294117646,27
368,19,0,0.0,19
369,49,2,0.04081632653061224,47
370,80,4,0.05,76
371,33,4,0.12121212121212122,29
372,40,0,0.0,40
373,18,2,0.1111111111111111,16
374,8,5,0.625,3
375,5,0,0.0,5
376,50,0,0.0,50
377,54,2,0.037037037037037035,52
378,16,8,0.5,8
379,19,6,0.3157894736842105,13
380,66,4,0.06060606060606061,62
381,42,1,0.023809523809523808,41
382,39,2,0.05128205128205128,37
383,77,1,0.012987012987012988,76
384,10,0,0.0,10
385,10,0,0.0,10
386,69,1,0.014492753623188406,68
387,52,1,0.019230769230769232,51
388,33,3,0.09090909090909091,30
389,26,4,0.15384615384615385,22
390,10,0,0.0,10
391,21,0,0.0,21
392,24,3,0.125,21
393,5,0,0.0,5
394,53,8,0.1509433962264151,45
395,48,0,0.0,48
396,37,2,0.05405405405405406,35
397,76,0,0.0,76
398,30,8,0.26666666666666666,22
399,44,1,0.022727272727272728,43
400,59,0,0.0,59
401,9,3,0.3333333333333333,6
402,50,2,0.04,48
403,76,14,0.18421052631578946,62
404,80,3,0.0375,77
405,59,3,0.05084745762711865,56
406,30,0,0.0,30
407,24,3,0.125,21
408,11,2,0.18181818181818182,9
409,19,4,0.21052631578947367,15
410,2,0,0.0,2
411,36,5,0.1388888888888889,31
412,14,4,0.2857142857142857,10
413,81,0,0.0,81
414,26,2,0.07692307692307693,24
415,2,1,0.5,1
416,27,3,0.1111111111111111,24
417,81,0,0.0,81
418,14,1,0.07142857142857142,13
419,81,0,0.0,81
420,27,5,0.18518518518518517,22
421,17,3,0.17647058823529413,14
422,34,1,0.029411764705882353,33
423,33,2,0.06060606060606061,31
424,35,5,0.14285714285714285,30
425,9,0,0.0,9
426,78,4,0.05128205128205128,74
427,56,2,0.03571428571428571,54
428,35,5,0.14285714285714285,30
429,17,3,0.17647058823529413,14
430,37,0,0.0,37
431,29,0,0.0,29
432,81,0,0.0,81
433,77,0,0.0,77
434,12,3,0.25,9
435,27,2,0.07407407407407407,25
436,81,1,0.012345679012345678,80
437,44,3,0.06818181818181818,41
438,40,5,0.125,35
439,52,2,0.038461538461538464,50
440,16,4,0.25,12
441,49,2,0.04081632653061224,47
442,66,0,0.0,66
443,28,4,0.14285714285714285,24
444,48,3,0.0625,45
445,80,1,0.0125,79
446,38,2,0.05263157894736842,36
447,22,2,0.09090909090909091,20
448,41,1,0.024390243902439025,40
449,49,1,0.02040816326530612,48
450,43,3,0.06976744186046512,40
451,18,5,0.2777777777777778,13
452,12,2,0.16666666666666666,10
453,21,5,0.23809523809523808,16
454,50,0,0.0,50
455,67,0,0.0,67
456,40,2,0.05,38
457,79,0,0.0,79
458,54,5,0.09259259259259259,49
459,20,7,0.35,13
460,20,3,0.15,17
461,45,2,0.044444444444444446,43
462,35,5,0.14285714285714285,30
463,30,7,0.23333333333333334,23
464,11,5,0.45454545454545453,6
465,15,1,0.06666666666666667,14
466,45,0,0.0,45
467,45,1,0.022222222222222223,44
468,10,1,0.1,9
469,81,0,0.0,81
470,47,1,0.02127659574468085,46
471,34,4,0.11764705882352941,30
472,80,1,0.0125,79
473,81,0,0.0,81
474,19,5,0.2631578947368421,14
475,29,7,0.2413793103448276,22
476,76,0,0.0,76
477,81,2,0.024691358024691357,79
478,40,1,0.025,39
479,73,0,0.0,73
480,15,4,0.26666666666666666,11
481,74,2,0.02702702702702703,72
482,28,1,0.03571428571428571,27
483,40,5,0.125,35
484,39,3,0.07692307692307693,36
485,81,1,0.012345679012345678,80
486,38,4,0.10526315789473684,34
487,81,15,0.18518518518518517,66
488,21,7,0.3333333333333333,14
489,42,3,0.07142857142857142,39
490,78,2,0.02564102564102564,76
491,62,4,0.06451612903225806,58
492,41,4,0.0975609756097561,37
493,22,3,0.13636363636363635,19
494,50,1,0.02,49
495,41,1,0.024390243902439025,40
496,36,2,0.05555555555555555,34
497,33,5,0.15151515151515152,28
498,10,4,0.4,6
499,39,1,0.02564102564102564,38
500,36,0,0.0,36
501,75,1,0.013333333333333334,74
502,75,0,0.0,75
503,35,4,0.11428571428571428,31
504,21,5,0.23809523809523808,16
505,37,1,0.02702702702702703,36
506,26,3,0.11538461538461539,23
507,81,4,0.04938271604938271,77
508,81,1,0.012345679012345678,80
509,80,0,0.0,80
510,50,2,0.04,48
511,36,3,0.08333333333333333,33
512,37,1,0.02702702702702703,36
513,32,8,0.25,24
514,36,5,0.1388888888888889,31
515,39,5,0.1282051282051282,34
516,37,5,0.13513513513513514,32
517,81,0,0.0,81
518,59,3,0.05084745762711865,56
519,21,9,0.42857142857142855,12
520,81,1,0.012345679012345678,80
521,15,2,0.13333333333333333,13
522,34,3,0.08823529411764706,31
523,36,1,0.027777777777777776,35
524,37,1,0.02702702702702703,36
525,12,5,0.4166666666666667,7
526,81,0,0.0,81
527,81,0,0.0,81
528,24,5,0.20833333333333334,19
529,60,1,0.016666666666666666,59
530,35,3,0.08571428571428572,32
531,28,3,0.10714285714285714,25
532,26,1,0.038461538461538464,25
533,2,1,0.5,1
534,51,0,0.0,51
535,33,2,0.06060606060606061,31
536,78,2,0.02564102564102564,76
537,23,1,0.043478260869565216,22
538,26,5,0.19230769230769232,21
539,17,5,0.29411764705882354,12
540,48,0,0.0,48
541,33,4,0.12121212121212122,29
542,8,5,0.625,3
543,81,1,0.012345679012345678,80
544,64,2,0.03125,62
545,33,0,0.0,33
546,18,1,0.05555555555555555,17
547,34,0,0.0,34
548,13,7,0.5384615384615384,6
549,35,9,0.2571428571428571,26
550,81,14,0.1728395061728395,67
551,62,0,0.0,62
552,27,2,0.07407407407407407,25
553,29,0,0.0,29
554,55,0,0.0,55
555,60,1,0.016666666666666666,59
556,26,8,0.3076923076923077,18
557,65,2,0.03076923076923077,63
558,29,3,0.10344827586206896,26
559,65,1,0.015384615384615385,64
560,5,3,0.6,2
561,54,3,0.05555555555555555,51
562,81,0,0.0,81
563,25,0,0.0,25
564,9,7,0.7777777777777778,2
565,46,5,0.10869565217391304,41
566,38,7,0.18421052631578946,31
567,32,4,0.125,28
568,41,0,0.0,41
569,49,0,0.0,49
570,79,0,0.0,79
571,59,5,0.0847457627118644,54
572,20,6,0.3,14
573,81,2,0.024691358024691357,79
574,25,1,0.04,24
575,71,2,0.028169014084507043,69
576,28,6,0.21428571428571427,22
577,76,4,0.05263157894736842,72
578,59,2,0.03389830508474576,57
579,21,5,0.23809523809523808,16
580,32,2,0.0625,30
581,76,1,0.013157894736842105,75
582,26,2,0.07692307692307693,24
583,28,4,0.14285714285714285,24
584,79,1,0.012658227848101266,78
585,2,0,0.0,2
586,31,0,0.0,31
587,81,0,0.0,81
588,24,5,0.20833333333333334,19
589,11,0,0.0,11
590,60,2,0.03333333333333333,58
591,14,4,0.2857142857142857,10
592,62,0,0.0,62
593,23,3,0.13043478260869565,20
594,24,1,0.041666666666666664,23
595,64,2,0.03125,62
596,44,0,0.0,44
597,53,3,0.05660377358490566,50
598,64,0,0.0,64
599,57,0,0.0,57
600,45,4,0.08888888888888889,41
601,81,0,0.0,81
602,15,6,0.4,9
603,51,0,0.0,51
604,17,3,0.17647058823529413,14
605,63,1,0.015873015873015872,62
606,39,3,0.07692307692307693,36
607,29,8,0.27586206896551724,21
608,46,0,0.0,46
609,25,5,0.2,20
610,81,1,0.012345679012345678,80
611,35,4,0.11428571428571428,31
612,48,1,0.020833333333333332,47
613,81,1,0.012345679012345678,80
614,57,1,0.017543859649122806,56
615,25,6,0.24,19
616,41,5,0.12195121951219512,36
617,81,0,0.0,81
618,80,1,0.0125,79
619,3,0,0.0,3
620,33,5,0.15151515151515152,28
621,28,6,0.21428571428571427,22
622,38,2,0.05263157894736842,36
623,26,0,0.0,26
624,50,2,0.04,48
625,80,0,0.0,80
626,15,3,0.2,12
627,29,0,0.0,29
628,81,0,0.0,81
629,51,0,0.0,51
630,76,1,0.013157894736842105,75
631,74,1,0.013513513513513514,73
632,13,3,0.23076923076923078,10
633,80,0,0.0,80
634,24,2,0.08333333333333333,22
635,26,4,0.15384615384615385,22
636,58,2,0.034482758620689655,56
637,29,5,0.1724137931034483,24
638,81,0,0.0,81
639,52,3,0.057692307692307696,49
640,14,4,0.2857142857142857,10
641,44,0,0.0,44
642,74,1,0.013513513513513514,73
643,10,2,0.2,8
644,20,4,0.2,16
645,81,1,0.012345679012345678,80
646,18,2,0.1111111111111111,16
647,40,3,0.075,37
648,2,0,0.0,2
649,54,4,0.07407407407407407,50
650,13,4,0.3076923076923077,9
651,47,3,0.06382978723404255,44
652,28,0,0.0,28
653,53,5,0.09433962264150944,48
654,29,0,0.0,29
655,20,2,0.1,18
656,29,2,0.06896551724137931,27
657,30,4,0.13333333333333333,26
658,19,7,0.3684210526315789,12
659,68,0,0.0,68
660,24,4,0.16666666666666666,20
661,65,1,0.015384615384615385,64
662,5,5,1.0,0
663,69,0,0.0,69
664,30,6,0.2,24
665,52,4,0.07692307692307693,48
666,81,1,0.012345679012345678,80
667,19,3,0.15789473684210525,16
668,77,1,0.012987012987012988,76
669,27,8,0.2962962962962963,19
670,18,0,0.0,18
671,39,0,0.0,39
672,20,6,0.3,14
673,28,2,0.07142857142857142,26
674,31,0,0.0,31
675,18,4,0.2222222222222222,14
676,7,0,0.0,7
677,62,2,0.03225806451612903,60
678,46,3,0.06521739130434782,43
679,81,0,0.0,81
680,65,3,0.046153846153846156,62
681,24,0,0.0,24
682,5,1,0.2,4
683,64,2,0.03125,62
684,52,9,0.17307692307692307,43
685,23,8,0.34782608695652173,15
686,81,0,0.0,81
687,68,1,0.014705882352941176,67
688,25,6,0.24,19
689,20,0,0.0,20
690,65,1,0.015384615384615385,64
691,27,6,0.2222222222222222,21
692,23,0,0.0,23
693,64,3,0.046875,61
694,65,0,0.0,65
695,16,1,0.0625,15
696,61,1,0.01639344262295082,60
697,40,3,0.075,37
698,67,5,0.07462686567164178,62
699,81,0,0.0,81
700,59,2,0.03389830508474576,57
701,33,8,0.24242424242424243,25
702,46,2,0.043478260869565216,44
703,20,2,0.1,18
704,41,0,0.0,41
705,14,5,0.35714285714285715,9
706,81,0,0.0,81
707,4,0,0.0,4
708,5,0,0.0,5
709,35,0,0.0,35
710,45,3,0.06666666666666667,42
711,79,1,0.012658227848101266,78
712,12,3,0.25,9
713,42,4,0.09523809523809523,38
714,57,2,0.03508771929824561,55
715,26,1,0.038461538461538464,25
716,81,1,0.012345679012345678,80
717,63,4,0.06349206349206349,59
718,33,0,0.0,33
719,81,0,0.0,81
720,26,2,0.07692307692307693,24
721,76,0,0.0,76
722,81,2,0.024691358024691357,79
723,23,4,0.17391304347826086,19
724,29,1,0.034482758620689655,28
725,81,1,0.012345679012345678,80
726,24,3,0.125,21
727,54,2,0.037037037037037035,52
728,20,8,0.4,12
729,24,5,0.20833333333333334,19
730,81,0,0.0,81
731,17,7,0.4117647058823529,10
732,52,7,0.1346153846153846,45
733,40,8,0.2,32
734,33,4,0.12121212121212122,29
735,57,0,0.0,57
736,23,0,0.0,23
737,14,4,0.2857142857142857,10
738,81,1,0.012345679012345678,80
739,70,2,0.02857142857142857,68
740,51,4,0.0784313725490196,47
741,21,0,0.0,21
742,68,2,0.029411764705882353,66
743,27,0,0.0,27
744,15,0,0.0,15
745,22,2,0.09090909090909091,20
746,80,37,0.4625,43
747,23,2,0.08695652173913043,21
748,32,1,0.03125,31
749,81,3,0.037037037037037035,78
750,75,0,0.0,75
751,27,0,0.0,27
752,26,2,0.07692307692307693,24
753,17,4,0.23529411764705882,13
754,10,4,0.4,6
755,9,0,0.0,9
756,81,3,0.037037037037037035,78
757,26,1,0.038461538461538464,25
758,52,2,0.038461538461538464,50
759,9,3,0.3333333333333333,6
760,32,4,0.125,28
761,66,0,0.0,66
762,80,2,0.025,78
763,34,6,0.17647058823529413,28
764,27,7,0.25925925925925924,20
765,30,4,0.13333333333333333,26
766,81,1,0.012345679012345678,80
767,52,4,0.07692307692307693,48
768,3,1,0.3333333333333333,2
769,37,3,0.08108108108108109,34
770,73,1,0.0136986301369863,72
771,6,0,0.0,6
772,81,0,0.0,81
773,17,5,0.29411764705882354,12
774,81,0,0.0,81
775,44,2,0.045454545454545456,42
776,81,81,1.0,0
777,7,3,0.42857142857142855,4
778,27,1,0.037037037037037035,26
779,23,4,0.17391304347826086,19
780,14,3,0.21428571428571427,11
781,55,7,0.12727272727272726,48
782,18,0,0.0,18
783,9,4,0.4444444444444444,5
784,55,2,0.03636363636363636,53
785,6,1,0.16666666666666666,5
786,40,7,0.175,33
787,17,3,0.17647058823529413,14
788,47,0,0.0,47
789,70,0,0.0,70
790,23,3,0.13043478260869565,20
791,43,3,0.06976744186046512,40
792,52,1,0.019230769230769232,51
793,28,0,0.0,28
794,47,0,0.0,47
795,64,44,0.6875,20
796,36,11,0.3055555555555556,25
797,55,0,0.0,55
798,58,2,0.034482758620689655,56
799,80,1,0.0125,79
800,18,3,0.16666666666666666,15
801,15,15,1.0,0
802,30,1,0.03333333333333333,29
803,81,0,0.0,81
804,38,2,0.05263157894736842,36
805,29,0,0.0,29
806,50,2,0.04,48
807,58,0,0.0,58
808,81,31,0.38271604938271603,50
809,63,0,0.0,63
810,70,2,0.02857142857142857,68
811,74,0,0.0,74
812,47,2,0.0425531914893617,45
813,81,0,0.0,81
814,58,4,0.06896551724137931,54
815,42,4,0.09523809523809523,38
816,10,3,0.3,7
817,17,8,0.47058823529411764,9
818,49,4,0.08163265306122448,45
819,42,5,0.11904761904761904,37
820,62,2,0.03225806451612903,60
821,41,3,0.07317073170731707,38
822,33,30,0.9090909090909091,3
823,64,1,0.015625,63
824,4,4,1.0,0
825,43,5,0.11627906976744186,38
826,44,3,0.06818181818181818,41
827,24,4,0.16666666666666666,20
828,15,4,0.26666666666666666,11
829,16,4,0.25,12
830,47,1,0.02127659574468085,46
831,33,9,0.2727272727272727,24
832,20,3,0.15,17
833,81,1,0.012345679012345678,80
834,8,8,1.0,0
835,48,1,0.020833333333333332,47
836,36,5,0.1388888888888889,31
837,60,2,0.03333333333333333,58
838,27,3,0.1111111111111111,24
839,15,4,0.26666666666666666,11
840,30,0,0.0,30
841,61,1,0.01639344262295082,60
842,81,1,0.012345679012345678,80
843,33,8,0.24242424242424243,25
844,75,2,0.02666666666666667,73
845,81,1,0.012345679012345678,80
846,70,0,0.0,70
847,45,2,0.044444444444444446,43
848,59,2,0.03389830508474576,57
849,69,1,0.014492753623188406,68
850,44,1,0.022727272727272728,43
851,28,2,0.07142857142857142,26
852,15,3,0.2,12
853,3,3,1.0,0
854,79,1,0.012658227848101266,78
855,17,4,0.23529411764705882,13
856,46,2,0.043478260869565216,44
857,56,4,0.07142857142857142,52
858,55,1,0.01818181818181818,54
859,17,2,0.11764705882352941,15
860,46,0,0.0,46
861,14,1,0.07142857142857142,13
862,47,2,0.0425531914893617,45
863,25,0,0.0,25
864,35,2,0.05714285714285714,33
865,10,2,0.2,8
866,21,3,0.14285714285714285,18
867,61,0,0.0,61
868,46,0,0.0,46
869,27,3,0.1111111111111111,24
870,67,51,0.7611940298507462,16
871,41,5,0.12195121951219512,36
872,30,0,0.0,30
873,81,1,0.012345679012345678,80
874,25,6,0.24,19
875,55,2,0.03636363636363636,53
876,81,1,0.012345679012345678,80
877,22,7,0.3181818181818182,15
878,81,1,0.012345679012345678,80
879,44,1,0.022727272727272728,43
880,35,5,0.14285714285714285,30
881,22,1,0.045454545454545456,21
882,17,7,0.4117647058823529,10
883,81,6,0.07407407407407407,75
884,81,1,0.012345679012345678,80
885,57,6,0.10526315789473684,51
886,28,4,0.14285714285714285,24
887,25,7,0.28,18
888,47,4,0.0851063829787234,43
889,26,0,0.0,26
890,61,0,0.0,61
891,80,1,0.0125,79
892,81,4,0.04938271604938271,77
893,73,1,0.0136986301369863,72
894,54,3,0.05555555555555555,51
895,33,4,0.12121212121212122,29
896,50,2,0.04,48
897,69,0,0.0,69
898,37,0,0.0,37
899,46,5,0.10869565217391304,41
900,78,0,0.0,78
901,69,2,0.028985507246376812,67
902,73,1,0.0136986301369863,72
903,71,1,0.014084507042253521,70
904,15,3,0.2,12
905,3,1,0.3333333333333333,2
906,8,3,0.375,5
907,81,5,0.06172839506172839,76
908,42,4,0.09523809523809523,38
909,21,1,0.047619047619047616,20
910,7,4,0.5714285714285714,3
911,46,0,0.0,46
912,20,5,0.25,15
913,34,3,0.08823529411764706,31
914,19,8,0.42105263157894735,11
915,17,3,0.17647058823529413,14
916,67,2,0.029850746268656716,65
917,26,2,0.07692307692307693,24
918,70,0,0.0,70
919,81,0,0.0,81
920,64,0,0.0,64
921,23,2,0.08695652173913043,21
922,15,6,0.4,9
923,71,1,0.014084507042253521,70
924,24,1,0.041666666666666664,23
925,81,1,0.012345679012345678,80
926,1,0,0.0,1
927,21,7,0.3333333333333333,14
928,36,3,0.08333333333333333,33
929,42,6,0.14285714285714285,36
930,81,1,0.012345679012345678,80
931,48,0,0.0,48
932,81,3,0.037037037037037035,78
933,15,6,0.4,9
934,15,3,0.2,12
935,12,1,0.08333333333333333,11
936,69,0,0.0,69
937,68,0,0.0,68
938,8,3,0.375,5
939,80,5,0.0625,75
940,2,1,0.5,1
941,32,3,0.09375,29
942,56,0,0.0,56
943,81,9,0.1111111111111111,72
944,70,0,0.0,70
945,11,3,0.2727272727272727,8
946,41,0,0.0,41
947,63,0,0.0,63
948,74,1,0.013513513513513514,73
949,18,0,0.0,18
950,25,0,0.0,25
951,38,1,0.02631578947368421,37
952,35,5,0.14285714285714285,30
953,74,0,0.0,74
954,41,0,0.0,41
955,14,2,0.14285714285714285,12
956,43,3,0.06976744186046512,40
957,80,11,0.1375,69
958,75,1,0.013333333333333334,74
959,49,1,0.02040816326530612,48
960,42,0,0.0,42
961,19,1,0.05263157894736842,18
962,74,1,0.013513513513513514,73
963,81,3,0.037037037037037035,78
964,38,0,0.0,38
965,60,0,0.0,60
966,21,3,0.14285714285714285,18
967,26,0,0.0,26
968,50,3,0.06,47
969,10,1,0.1,9
970,36,4,0.1111111111111111,32
971,69,4,0.057971014492753624,65
972,41,3,0.07317073170731707,38
973,40,2,0.05,38
974,46,7,0.15217391304347827,39
975,55,0,0.0,55
976,60,1,0.016666666666666666,59
977,49,1,0.02040816326530612,48
978,50,0,0.0,50
979,81,0,0.0,81
980,26,4,0.15384615384615385,22
981,30,0,0.0,30
982,22,6,0.2727272727272727,16
983,8,3,0.375,5
984,81,0,0.0,81
985,52,1,0.019230769230769232,51
986,5,5,1.0,0
987,45,1,0.022222222222222223,44
988,61,2,0.03278688524590164,59
989,77,1,0.012987012987012988,76
990,31,0,0.0,31
991,10,5,0.5,5
992,74,2,0.02702702702702703,72
993,38,4,0.10526315789473684,34
994,61,1,0.01639344262295082,60
995,61,3,0.04918032786885246,58
996,76,0,0.0,76
997,26,0,0.0,26
998,41,3,0.07317073170731707,38
999,31,1,0.03225806451612903,30
1000,6,0,0.0,6
1001,38,1,0.02631578947368421,37
1002,73,0,0.0,73
1003,81,0,0.0,81
1004,75,3,0.04,72
1005,14,5,0.35714285714285715,9
1006,57,7,0.12280701754385964,50
1007,45,2,0.044444444444444446,43
1008,79,0,0.0,79
1009,16,8,0.5,8
1010,42,6,0.14285714285714285,36
1011,74,0,0.0,74
1012,19,2,0.10526315789473684,17
1013,16,1,0.0625,15
1014,26,2,0.07692307692307693,24
1015,65,0,0.0,65
1016,24,2,0.08333333333333333,22
1017,27,0,0.0,27
1018,18,0,0.0,18
1019,37,4,0.10810810810810811,33
1020,41,1,0.024390243902439025,40
1021,81,0,0.0,81
1022,42,1,0.023809523809523808,41
1023,43,2,0.046511627906976744,41
1024,58,1,0.017241379310344827,57
1025,13,2,0.15384615384615385,11
1026,25,5,0.2,20
1027,81,2,0.024691358024691357,79
1028,81,1,0.012345679012345678,80
1029,31,5,0.16129032258064516,26
1030,30,1,0.03333333333333333,29
1031,41,2,0.04878048780487805,39
1032,42,0,0.0,42
1033,81,3,0.037037037037037035,78
1034,10,1,0.1,9
1035,55,0,0.0,55
1036,61,1,0.01639344262295082,60
1037,57,4,0.07017543859649122,53
1038,46,6,0.13043478260869565,40
1039,56,0,0.0,56
1040,57,2,0.03508771929824561,55
1041,64,0,0.0,64
1042,78,0,0.0,78
1043,64,3,0.046875,61
1044,40,3,0.075,37
1045,80,0,0.0,80
1046,39,0,0.0,39
1047,8,0,0.0,8
1048,81,0,0.0,81
1049,81,0,0.0,81
1050,50,0,0.0,50
1051,5,5,1.0,0
1052,38,4,0.10526315789473684,34
1053,45,8,0.17777777777777778,37
1054,81,0,0.0,81
1055,3,3,1.0,0
1056,40,2,0.05,38
1057,22,0,0.0,22
1058,53,3,0.05660377358490566,50
1059,41,0,0.0,41
1060,30,8,0.26666666666666666,22
1061,8,4,0.5,4
1062,81,0,0.0,81
1063,48,6,0.125,42
1064,32,4,0.125,28
1065,13,2,0.15384615384615385,11
1066,51,0,0.0,51
1067,75,0,0.0,75
1068,81,0,0.0,81
1069,48,0,0.0,48
1070,13,6,0.46153846153846156,7
1071,25,0,0.0,25
1072,45,0,0.0,45
1073,25,1,0.04,24
1074,37,3,0.08108108108108109,34
1075,9,1,0.1111111111111111,8
1076,81,0,0.0,81
1077,17,3,0.17647058823529413,14
1078,20,0,0.0,20
1079,38,10,0.2631578947368421,28
1080,4,3,0.75,1
1081,20,0,0.0,20
1082,22,1,0.045454545454545456,21
1083,60,1,0.016666666666666666,59
1084,35,0,0.0,35
1085,42,2,0.047619047619047616,40
1086,81,0,0.0,81
1087,14,2,0.14285714285714285,12
1088,22,3,0.13636363636363635,19
1089,29,1,0.034482758620689655,28
1090,81,4,0.04938271604938271,77
1091,13,4,0.3076923076923077,9
1092,29,6,0.20689655172413793,23
1093,17,5,0.29411764705882354,12
1094,35,1,0.02857142857142857,34
1095,35,1,0.02857142857142857,34
1096,19,0,0.0,19
1097,14,0,0.0,14
1098,10,2,0.2,8
1099,31,5,0.16129032258064516,26
1100,12,4,0.3333333333333333,8
1101,4,3,0.75,1
1102,11,4,0.36363636363636365,7
1103,53,1,0.018867924528301886,52
1104,81,0,0.0,81
1105,71,2,0.028169014084507043,69
1106,12,6,0.5,6
1107,20,8,0.4,12
1108,52,5,0.09615384615384616,47
1109,35,4,0.11428571428571428,31
1110,28,5,0.17857142857142858,23
1111,29,7,0.2413793103448276,22
1112,22,5,0.22727272727272727,17
1113,27,1,0.037037037037037035,26
1114,41,1,0.024390243902439025,40
1115,81,0,0.0,81
1116,80,1,0.0125,79
1117,39,2,0.05128205128205128,37
1118,47,2,0.0425531914893617,45
1119,35,5,0.14285714285714285,30
1120,11,2,0.18181818181818182,9
1121,81,2,0.024691358024691357,79
1122,37,3,0.08108108108108109,34
1123,57,8,0.14035087719298245,49
1124,51,3,0.058823529411764705,48
1125,19,3,0.15789473684210525,16
1126,31,1,0.03225806451612903,30
1127,39,2,0.05128205128205128,37
1128,68,3,0.04411764705882353,65
1129,11,2,0.18181818181818182,9
1130,32,1,0.03125,31
1131,46,1,0.021739130434782608,45
1132,35,6,0.17142857142857143,29
1133,61,2,0.03278688524590164,59
1134,13,2,0.15384615384615385,11
1135,27,0,0.0,27
1136,37,10,0.2702702702702703,27
1137,45,2,0.044444444444444446,43
1138,59,3,0.05084745762711865,56
1139,81,0,0.0,81
1140,13,1,0.07692307692307693,12
1141,36,3,0.08333333333333333,33
1142,81,7,0.08641975308641975,74
1143,33,7,0.21212121212121213,26
1144,17,0,0.0,17
1145,45,9,0.2,36
1146,25,3,0.12,22
1147,9,2,0.2222222222222222,7
1148,13,2,0.15384615384615385,11
1149,81,1,0.012345679012345678,80
1150,75,0,0.0,75
1151,35,1,0.02857142857142857,34
1152,7,3,0.42857142857142855,4
1153,16,5,0.3125,11
1154,59,0,0.0,59
1155,80,0,0.0,80
1156,16,16,1.0,0
1157,39,2,0.05128205128205128,37
1158,62,0,0.0,62
1159,37,35,0.9459459459459459,2
1160,19,4,0.21052631578947367,15
1161,57,2,0.03508771929824561,55
1162,22,1,0.045454545454545456,21
1163,78,0,0.0,78
1164,22,1,0.045454545454545456,21
1165,5,5,1.0,0
1166,70,2,0.02857142857142857,68
1167,35,4,0.11428571428571428,31
1168,81,1,0.012345679012345678,80
1169,9,1,0.1111111111111111,8
1170,81,2,0.024691358024691357,79
1171,6,1,0.16666666666666666,5
1172,14,8,0.5714285714285714,6
1173,31,6,0.1935483870967742,25
1174,81,1,0.012345679012345678,80
1175,43,1,0.023255813953488372,42
1176,4,4,1.0,0
1177,17,8,0.47058823529411764,9
1178,16,7,0.4375,9
1179,52,1,0.019230769230769232,51
1180,40,7,0.175,33
1181,81,0,0.0,81
1182,71,0,0.0,71
1183,25,2,0.08,23
1184,81,0,0.0,81
1185,81,0,0.0,81
1186,10,0,0.0,10
1187,81,0,0.0,81
1188,20,0,0.0,20
1189,51,0,0.0,51
1190,47,5,0.10638297872340426,42
1191,21,3,0.14285714285714285,18
1192,9,0,0.0,9
1193,61,3,0.04918032786885246,58
1194,65,0,0.0,65
1195,34,3,0.08823529411764706,31
1196,25,4,0.16,21
1197,22,6,0.2727272727272727,16
1198,31,1,0.03225806451612903,30
1199,36,2,0.05555555555555555,34
1200,16,4,0.25,12
1201,32,3,0.09375,29
1202,25,7,0.28,18
1203,25,13,0.52,12
1204,21,7,0.3333333333333333,14
1205,23,1,0.043478260869565216,22
1206,45,3,0.06666666666666667,42
1207,30,3,0.1,27
1208,45,0,0.0,45
1209,68,9,0.1323529411764706,59
1210,8,7,0.875,1
1211,45,3,0.06666666666666667,42
1212,48,0,0.0,48
1213,9,3,0.3333333333333333,6
1214,25,5,0.2,20
1215,28,3,0.10714285714285714,25
1216,74,1,0.013513513513513514,73
1217,23,3,0.13043478260869565,20
1218,14,1,0.07142857142857142,13
1219,53,2,0.03773584905660377,51
1220,73,0,0.0,73
1221,67,0,0.0,67
1222,9,2,0.2222222222222222,7
1223,37,4,0.10810810810810811,33
1224,34,7,0.20588235294117646,27
1225,81,0,0.0,81
1226,79,0,0.0,79
1227,22,2,0.09090909090909091,20
1228,51,2,0.0392156862745098,49
1229,34,2,0.058823529411764705,32
1230,15,5,0.3333333333333333,10
1231,39,1,0.02564102564102564,38
1232,16,3,0.1875,13
1233,66,0,0.0,66
1234,28,4,0.14285714285714285,24
1235,59,0,0.0,59
1236,21,3,0.14285714285714285,18
1237,33,22,0.6666666666666666,11
1238,24,2,0.08333333333333333,22
1239,81,1,0.012345679012345678,80
1240,81,6,0.07407407407407407,75
1241,81,0,0.0,81
1242,18,4,0.2222222222222222,14
1243,27,1,0.037037037037037035,26
1244,8,1,0.125,7
1245,81,1,0.012345679012345678,80
1246,80,1,0.0125,79
1247,7,3,0.42857142857142855,4
1248,81,0,0.0,81
1249,8,2,0.25,6
1250,56,1,0.017857142857142856,55
1251,47,2,0.0425531914893617,45
1252,81,2,0.024691358024691357,79
1253,23,1,0.043478260869565216,22
1254,15,5,0.3333333333333333,10
1255,4,4,1.0,0
1256,56,0,0.0,56
1257,34,3,0.08823529411764706,31
1258,28,0,0.0,28
1259,30,12,0.4,18
1260,38,8,0.21052631578947367,30
1261,48,2,0.041666666666666664,46
1262,19,0,0.0,19
1263,49,0,0.0,49
1264,50,0,0.0,50
1265,47,0,0.0,47
1266,47,2,0.0425531914893617,45
1267,27,3,0.1111111111111111,24
1268,29,1,0.034482758620689655,28
1269,14,0,0.0,14
1270,81,1,0.012345679012345678,80
1271,44,1,0.022727272727272728,43
1272,44,3,0.06818181818181818,41
1273,50,0,0.0,50
1274,62,2,0.03225806451612903,60
1275,22,1,0.045454545454545456,21
1276,21,4,0.19047619047619047,17
1277,81,6,0.07407407407407407,75
1278,63,0,0.0,63
1279,58,1,0.017241379310344827,57
1280,21,3,0.14285714285714285,18
1281,46,3,0.06521739130434782,43
1282,81,1,0.012345679012345678,80
1283,68,2,0.029411764705882353,66
1284,34,5,0.14705882352941177,29
1285,81,5,0.06172839506172839,76
1286,35,2,0.05714285714285714,33
1287,1,1,1.0,0
1288,12,4,0.3333333333333333,8
1289,21,3,0.14285714285714285,18
1290,16,8,0.5,8
1291,32,1,0.03125,31
1292,18,8,0.4444444444444444,10
1293,67,2,0.029850746268656716,65
1294,28,0,0.0,28
1295,32,1,0.03125,31
1296,31,3,0.0967741935483871,28
1297,81,2,0.024691358024691357,79
1298,68,0,0.0,68
1299,42,2,0.047619047619047616,40
1300,81,0,0.0,81
1301,81,0,0.0,81
1302,44,1,0.022727272727272728,43
1303,81,78,0.9629629629629629,3
1304,39,8,0.20512820512820512,31
1305,70,1,0.014285714285714285,69
1306,81,0,0.0,81
1307,81,1,0.012345679012345678,80
1308,19,0,0.0,19
1309,38,3,0.07894736842105263,35
1310,46,1,0.021739130434782608,45
1311,17,4,0.23529411764705882,13
1312,18,6,0.3333333333333333,12
1313,28,3,0.10714285714285714,25
1314,39,0,0.0,39
1315,13,5,0.38461538461538464,8
1316,30,2,0.06666666666666667,28
1317,66,5,0.07575757575757576,61
1318,73,0,0.0,73
1319,74,1,0.013513513513513514,73
1320,38,1,0.02631578947368421,37
1321,28,0,0.0,28
1322,72,0,0.0,72
1323,30,7,0.23333333333333334,23
1324,59,1,0.01694915254237288,58
1325,41,4,0.0975609756097561,37
1326,71,1,0.014084507042253521,70
1327,26,5,0.19230769230769232,21
1328,75,0,0.0,75
1329,24,0,0.0,24
1330,20,1,0.05,19
1331,74,0,0.0,74
1332,81,0,0.0,81
1333,22,2,0.09090909090909091,20
1334,30,3,0.1,27
1335,43,3,0.06976744186046512,40
1336,46,0,0.0,46
1337,76,1,0.013157894736842105,75
1338,81,0,0.0,81
1339,43,1,0.023255813953488372,42
1340,39,4,0.10256410256410256,35
1341,55,2,0.03636363636363636,53
1342,39,0,0.0,39
1343,81,0,0.0,81
1344,29,3,0.10344827586206896,26
1345,46,2,0.043478260869565216,44
1346,48,0,0.0,48
1347,15,5,0.3333333333333333,10
1348,57,1,0.017543859649122806,56
1349,15,6,0.4,9
1350,16,5,0.3125,11
1351,47,4,0.0851063829787234,43
1352,19,3,0.15789473684210525,16
1353,76,1,0.013157894736842105,75
1354,30,1,0.03333333333333333,29
1355,11,2,0.18181818181818182,9
1356,48,1,0.020833333333333332,47
1357,80,0,0.0,80
1358,81,1,0.012345679012345678,80
1359,62,5,0.08064516129032258,57
1360,37,6,0.16216216216216217,31
1361,74,1,0.013513513513513514,73
1362,71,1,0.014084507042253521,70
1363,78,0,0.0,78
1364,18,7,0.3888888888888889,11
1365,68,0,0.0,68
1366,56,4,0.07142857142857142,52
1367,81,2,0.024691358024691357,79
1368,70,3,0.04285714285714286,67
1369,32,8,0.25,24
1370,26,8,0.3076923076923077,18
1371,16,2,0.125,14
1372,81,29,0.35802469135802467,52
1373,20,0,0.0,20
1374,19,4,0.21052631578947367,15
1375,81,1,0.012345679012345678,80
1376,66,2,0.030303030303030304,64
1377,81,1,0.012345679012345678,80
1378,49,2,0.04081632653061224,47
1379,78,10,0.1282051282051282,68
1380,80,0,0.0,80
1381,76,1,0.013157894736842105,75
1382,55,31,0.5636363636363636,24
1383,27,0,0.0,27
1384,27,0,0.0,27
1385,30,6,0.2,24
1386,43,0,0.0,43
1387,60,4,0.06666666666666667,56
1388,20,4,0.2,16
1389,46,2,0.043478260869565216,44
1390,81,3,0.037037037037037035,78
1391,81,1,0.012345679012345678,80
1392,29,3,0.10344827586206896,26
1393,21,7,0.3333333333333333,14
1394,38,7,0.18421052631578946,31
1395,43,1,0.023255813953488372,42
1396,21,5,0.23809523809523808,16
1397,2,0,0.0,2
1398,24,0,0.0,24
1399,19,3,0.15789473684210525,16
1400,51,3,0.058823529411764705,48
1401,40,1,0.025,39
1402,20,4,0.2,16
1403,81,0,0.0,81
1404,47,3,0.06382978723404255,44
1405,81,6,0.07407407407407407,75
1406,42,5,0.11904761904761904,37
1407,74,2,0.02702702702702703,72
1408,28,0,0.0,28
1409,33,1,0.030303030303030304,32
1410,19,4,0.21052631578947367,15
1411,13,5,0.38461538461538464,8
1412,51,3,0.058823529411764705,48
1413,22,1,0.045454545454545456,21
1414,15,3,0.2,12
1415,76,1,0.013157894736842105,75
1416,41,0,0.0,41
1417,46,8,0.17391304347826086,38
1418,28,3,0.10714285714285714,25
1419,20,3,0.15,17
1420,41,3,0.07317073170731707,38
1421,46,2,0.043478260869565216,44
1422,72,3,0.041666666666666664,69
1423,79,51,0.6455696202531646,28
1424,32,0,0.0,32
1425,58,3,0.05172413793103448,55
1426,81,2,0.024691358024691357,79
1427,35,7,0.2,28
1428,49,2,0.04081632653061224,47
1429,22,2,0.09090909090909091,20
1430,66,1,0.015151515151515152,65
1431,56,3,0.05357142857142857,53
1432,20,7,0.35,13
1433,38,7,0.18421052631578946,31
1434,14,7,0.5,7
1435,81,0,0.0,81
1436,58,2,0.034482758620689655,56
1437,9,1,0.1111111111111111,8
1438,59,0,0.0,59
1439,5,3,0.6,2
1440,16,0,0.0,16
1441,25,3,0.12,22
1442,55,2,0.03636363636363636,53
1443,55,33,0.6,22
1444,80,1,0.0125,79
1445,15,3,0.2,12
1446,66,5,0.07575757575757576,61
1447,22,4,0.18181818181818182,18
1448,35,3,0.08571428571428572,32
1449,66,0,0.0,66
1450,24,0,0.0,24
1451,30,1,0.03333333333333333,29
1452,22,2,0.09090909090909091,20
1453,30,5,0.16666666666666666,25
1454,35,4,0.11428571428571428,31
1455,64,2,0.03125,62
1456,45,2,0.044444444444444446,43
1457,40,3,0.075,37
1458,36,2,0.05555555555555555,34
1459,48,1,0.020833333333333332,47
1460,14,4,0.2857142857142857,10
1461,10,0,0.0,10
1462,81,0,0.0,81
1463,16,2,0.125,14
1464,30,3,0.1,27
1465,38,7,0.18421052631578946,31
1466,5,1,0.2,4
1467,39,4,0.10256410256410256,35
1468,22,6,0.2727272727272727,16
1469,72,0,0.0,72
1470,33,6,0.18181818181818182,27
1471,76,0,0.0,76
1472,33,1,0.030303030303030304,32
1473,69,1,0.014492753623188406,68
1474,67,0,0.0,67
1475,8,4,0.5,4
1476,35,1,0.02857142857142857,34
1477,12,0,0.0,12
1478,78,3,0.038461538461538464,75
1479,5,4,0.8,1
1480,57,1,0.017543859649122806,56
1481,60,0,0.0,60
1482,18,3,0.16666666666666666,15
1483,67,0,0.0,67
1484,50,1,0.02,49
1485,39,2,0.05128205128205128,37
1486,28,7,0.25,21
1487,81,0,0.0,81
1488,60,3,0.05,57
1489,8,7,0.875,1
1490,76,3,0.039473684210526314,73
1491,47,4,0.0851063829787234,43
1492,37,0,0.0,37
1493,25,6,0.24,19
1494,81,0,0.0,81
1495,23,2,0.08695652173913043,21
1496,11,2,0.18181818181818182,9
1497,70,0,0.0,70
1498,34,3,0.08823529411764706,31
1499,43,1,0.023255813953488372,42
1500,60,2,0.03333333333333333,58
1501,67,3,0.04477611940298507,64
1502,44,2,0.045454545454545456,42
1503,58,2,0.034482758620689655,56
1504,23,3,0.13043478260869565,20
1505,77,3,0.03896103896103896,74
1506,17,8,0.47058823529411764,9
1507,19,1,0.05263157894736842,18
1508,10,7,0.7,3
1509,68,3,0.04411764705882353,65
1510,25,1,0.04,24
1511,42,0,0.0,42
1512,57,1,0.017543859649122806,56
1513,33,3,0.09090909090909091,30
1514,21,0,0.0,21
1515,77,37,0.4805194805194805,40
1516,5,4,0.8,1
1517,81,0,0.0,81
1518,37,7,0.1891891891891892,30
1519,81,29,0.35802469135802467,52
1520,36,5,0.1388888888888889,31
1521,18,1,0.05555555555555555,17
1522,43,19,0.4418604651162791,24
1523,42,1,0.023809523809523808,41
1524,12,8,0.6666666666666666,4
1525,69,1,0.014492753623188406,68
1526,78,2,0.02564102564102564,76
1527,72,1,0.013888888888888888,71
1528,68,0,0.0,68
1529,34,3,0.08823529411764706,31
1530,52,1,0.019230769230769232,51
1531,21,2,0.09523809523809523,19
1532,15,0,0.0,15
1533,29,3,0.10344827586206896,26
1534,77,2,0.025974025974025976,75
1535,38,3,0.07894736842105263,35
1536,40,1,0.025,39
1537,46,13,0.2826086956521739,33
1538,17,2,0.11764705882352941,15
1539,58,2,0.034482758620689655,56
1540,45,1,0.022222222222222223,44
1541,81,0,0.0,81
1542,48,2,0.041666666666666664,46
1543,11,4,0.36363636363636365,7
1544,43,0,0.0,43
1545,11,1,0.09090909090909091,10
1546,27,1,0.037037037037037035,26
1547,30,2,0.06666666666666667,28
1548,80,1,0.0125,79
1549,56,2,0.03571428571428571,54
1550,81,2,0.024691358024691357,79
1551,81,0,0.0,81
1552,16,0,0.0,16
1553,21,6,0.2857142857142857,15
1554,59,0,0.0,59
1555,27,7,0.25925925925925924,20
1556,10,4,0.4,6
1557,36,4,0.1111111111111111,32
1558,37,0,0.0,37
1559,4,1,0.25,3
1560,26,5,0.19230769230769232,21
1561,38,15,0.39473684210526316,23
1562,20,3,0.15,17
1563,9,2,0.2222222222222222,7
1564,28,6,0.21428571428571427,22
1565,24,10,0.4166666666666667,14
1566,81,2,0.024691358024691357,79
1567,22,5,0.22727272727272727,17
1568,81,2,0.024691358024691357,79
1569,22,4,0.18181818181818182,18
1570,48,4,0.08333333333333333,44
1571,45,3,0.06666666666666667,42
1572,54,4,0.07407407407407407,50
1573,55,3,0.05454545454545454,52
1574,34,4,0.11764705882352941,30
1575,9,0,0.0,9
1576,14,4,0.2857142857142857,10
1577,26,5,0.19230769230769232,21
1578,1,1,1.0,0
1579,7,1,0.14285714285714285,6
1580,55,3,0.05454545454545454,52
1581,25,1,0.04,24
1582,60,1,0.016666666666666666,59
1583,37,0,0.0,37
1584,81,1,0.012345679012345678,80
1585,25,1,0.04,24
1586,29,2,0.06896551724137931,27
1587,49,3,0.061224489795918366,46
1588,13,8,0.6153846153846154,5
1589,57,6,0.10526315789473684,51
1590,9,3,0.3333333333333333,6
1591,49,1,0.02040816326530612,48
1592,81,0,0.0,81
1593,16,3,0.1875,13
1594,60,0,0.0,60
1595,44,4,0.09090909090909091,40
1596,30,4,0.13333333333333333,26
1597,81,0,0.0,81
1598,62,0,0.0,62
1599,23,4,0.17391304347826086,19
1600,26,1,0.038461538461538464,25
1601,38,8,0.21052631578947367,30
1602,56,0,0.0,56
1603,44,5,0.11363636363636363,39
1604,12,1,0.08333333333333333,11
1605,20,1,0.05,19
1606,23,7,0.30434782608695654,16
1607,67,0,0.0,67
1608,13,0,0.0,13
1609,35,3,0.08571428571428572,32
1610,81,1,0.012345679012345678,80
1611,62,1,0.016129032258064516,61
1612,52,5,0.09615384615384616,47
1613,31,4,0.12903225806451613,27
1614,57,1,0.017543859649122806,56
1615,56,2,0.03571428571428571,54
1616,10,3,0.3,7
1617,39,3,0.07692307692307693,36
1618,47,2,0.0425531914893617,45
1619,18,2,0.1111111111111111,16
1620,40,0,0.0,40
1621,81,1,0.012345679012345678,80
1622,81,0,0.0,81
1623,59,2,0.03389830508474576,57
1624,81,0,0.0,81
1625,42,5,0.11904761904761904,37
1626,40,1,0.025,39
1627,81,0,0.0,81
1628,37,3,0.08108108108108109,34
1629,11,0,0.0,11
1630,60,0,0.0,60
1631,32,2,0.0625,30
1632,40,4,0.1,36
1633,66,1,0.015151515151515152,65
1634,65,0,0.0,65
1635,81,3,0.037037037037037035,78
1636,22,9,0.4090909090909091,13
1637,54,3,0.05555555555555555,51
1638,63,1,0.015873015873015872,62
1639,7,5,0.7142857142857143,2
1640,81,0,0.0,81
1641,27,2,0.07407407407407407,25
1642,20,3,0.15,17
1643,75,0,0.0,75
1644,25,2,0.08,23
1645,65,5,0.07692307692307693,60
1646,52,2,0.038461538461538464,50
1647,18,7,0.3888888888888889,11
1648,14,3,0.21428571428571427,11
1649,53,2,0.03773584905660377,51
1650,54,3,0.05555555555555555,51
1651,24,15,0.625,9
1652,79,2,0.02531645569620253,77
1653,19,8,0.42105263157894735,11
1654,81,1,0.012345679012345678,80
1655,81,0,0.0,81
1656,62,0,0.0,62
1657,81,1,0.012345679012345678,80
1658,53,9,0.16981132075471697,44
1659,71,5,0.07042253521126761,66
1660,25,0,0.0,25
1661,57,4,0.07017543859649122,53
1662,81,6,0.07407407407407407,75
1663,11,3,0.2727272727272727,8
1664,20,5,0.25,15
1665,8,6,0.75,2
1666,30,5,0.16666666666666666,25
1667,17,4,0.23529411764705882,13
1668,53,7,0.1320754716981132,46
1669,19,5,0.2631578947368421,14
1670,20,1,0.05,19
1671,70,2,0.02857142857142857,68
1672,68,0,0.0,68
1673,25,1,0.04,24
1674,36,5,0.1388888888888889,31
1675,53,0,0.0,53
1676,36,2,0.05555555555555555,34
1677,36,1,0.027777777777777776,35
1678,34,5,0.14705882352941177,29
1679,69,2,0.028985507246376812,67
1680,13,2,0.15384615384615385,11
1681,22,9,0.4090909090909091,13
1682,8,0,0.0,8
1683,33,1,0.030303030303030304,32
1684,80,2,0.025,78
1685,38,0,0.0,38
1686,61,4,0.06557377049180328,57
1687,43,4,0.09302325581395349,39
1688,4,4,1.0,0
1689,54,0,0.0,54
1690,54,2,0.037037037037037035,52
1691,70,1,0.014285714285714285,69
1692,45,1,0.022222222222222223,44
1693,69,7,0.10144927536231885,62
1694,81,0,0.0,81
1695,11,1,0.09090909090909091,10
1696,46,2,0.043478260869565216,44
1697,80,0,0.0,80
1698,38,2,0.05263157894736842,36
1699,34,2,0.058823529411764705,32
1700,42,5,0.11904761904761904,37
1701,71,1,0.014084507042253521,70
1702,24,3,0.125,21
1703,56,0,0.0,56
1704,38,0,0.0,38
1705,81,1,0.012345679012345678,80
1706,55,1,0.01818181818181818,54
1707,31,4,0.12903225806451613,27
1708,10,0,0.0,10
1709,81,1,0.012345679012345678,80
1710,41,3,0.07317073170731707,38
1711,13,0,0.0,13
1712,34,7,0.20588235294117646,27
1713,65,3,0.046153846153846156,62
1714,55,0,0.0,55
1715,40,5,0.125,35
1716,80,1,0.0125,79
1717,7,0,0.0,7
1718,43,0,0.0,43
1719,81,0,0.0,81
1720,59,2,0.03389830508474576,57
1721,10,0,0.0,10
1722,27,4,0.14814814814814814,23
1723,72,1,0.013888888888888888,71
1724,13,5,0.38461538461538464,8
1725,9,7,0.7777777777777778,2
1726,26,0,0.0,26
1727,45,2,0.044444444444444446,43
1728,34,4,0.11764705882352941,30
1729,52,3,0.057692307692307696,49
1730,12,3,0.25,9
1731,22,0,0.0,22
1732,28,3,0.10714285714285714,25
1733,4,3,0.75,1
1734,75,0,0.0,75
1735,29,2,0.06896551724137931,27
1736,10,1,0.1,9
1737,57,1,0.017543859649122806,56
1738,51,8,0.1568627450980392,43
1739,77,1,0.012987012987012988,76
1740,37,0,0.0,37
1741,49,6,0.12244897959183673,43
1742,61,0,0.0,61
1743,81,1,0.012345679012345678,80
1744,66,7,0.10606060606060606,59
1745,50,0,0.0,50
1746,71,3,0.04225352112676056,68
1747,28,7,0.25,21
1748,50,3,0.06,47
1749,8,2,0.25,6
1750,74,3,0.04054054054054054,71
1751,28,3,0.10714285714285714,25
1752,12,4,0.3333333333333333,8
1753,47,2,0.0425531914893617,45
1754,7,1,0.14285714285714285,6
1755,44,2,0.045454545454545456,42
1756,48,1,0.020833333333333332,47
1757,81,0,0.0,81
1758,25,3,0.12,22
1759,41,5,0.12195121951219512,36
1760,29,5,0.1724137931034483,24
1761,81,1,0.012345679012345678,80
1762,27,6,0.2222222222222222,21
1763,31,8,0.25806451612903225,23
1764,58,8,0.13793103448275862,50
1765,67,2,0.029850746268656716,65
1766,24,8,0.3333333333333333,16
1767,36,0,0.0,36
1768,71,1,0.014084507042253521,70
1769,51,0,0.0,51
1770,26,3,0.11538461538461539,23
1771,7,6,0.8571428571428571,1
1772,63,1,0.015873015873015872,62
1773,10,0,0.0,10
1774,58,4,0.06896551724137931,54
1775,1,1,1.0,0
1776,15,3,0.2,12
1777,11,2,0.18181818181818182,9
1778,19,0,0.0,19
1779,76,1,0.013157894736842105,75
1780,79,0,0.0,79
1781,44,1,0.022727272727272728,43
1782,39,3,0.07692307692307693,36
1783,12,7,0.5833333333333334,5
1784,24,1,0.041666666666666664,23
1785,33,1,0.030303030303030304,32
1786,27,0,0.0,27
1787,40,1,0.025,39
1788,79,1,0.012658227848101266,78
1789,21,0,0.0,21
1790,12,0,0.0,12
1791,32,4,0.125,28
1792,46,2,0.043478260869565216,44
1793,81,1,0.012345679012345678,80
1794,81,2,0.024691358024691357,79
1795,27,5,0.18518518518518517,22
1796,81,0,0.0,81
1797,35,2,0.05714285714285714,33
1798,7,2,0.2857142857142857,5
1799,27,4,0.14814814814814814,23
1800,34,1,0.029411764705882353,33
1801,12,8,0.6666666666666666,4
1802,50,4,0.08,46
1803,49,2,0.04081632653061224,47
1804,35,3,0.08571428571428572,32
1805,29,4,0.13793103448275862,25
1806,25,2,0.08,23
1807,51,4,0.0784313725490196,47
1808,15,2,0.13333333333333333,13
1809,55,5,0.09090909090909091,50
1810,79,1,0.012658227848101266,78
1811,16,5,0.3125,11
1812,42,7,0.16666666666666666,35
1813,53,3,0.05660377358490566,50
1814,45,5,0.1111111111111111,40
1815,81,1,0.012345679012345678,80
1816,47,2,0.0425531914893617,45
1817,30,3,0.1,27
1818,56,2,0.03571428571428571,54
1819,25,0,0.0,25
1820,38,0,0.0,38
1821,45,5,0.1111111111111111,40
1822,26,0,0.0,26
1823,45,2,0.044444444444444446,43
1824,79,2,0.02531645569620253,77
1825,21,3,0.14285714285714285,18
1826,21,1,0.047619047619047616,20
1827,39,0,0.0,39
1828,26,0,0.0,26
1829,28,4,0.14285714285714285,24
1830,5,0,0.0,5
1831,38,2,0.05263157894736842,36
1832,58,3,0.05172413793103448,55
1833,67,5,0.07462686567164178,62
1834,55,2,0.03636363636363636,53
1835,81,0,0.0,81
1836,81,0,0.0,81
1837,33,3,0.09090909090909091,30
1838,81,1,0.012345679012345678,80
1839,81,0,0.0,81
1840,21,1,0.047619047619047616,20
1841,25,8,0.32,17
1842,12,0,0.0,12
1843,23,0,0.0,23
1844,35,1,0.02857142857142857,34
1845,26,5,0.19230769230769232,21
1846,29,6,0.20689655172413793,23
1847,44,1,0.022727272727272728,43
1848,81,1,0.012345679012345678,80
1849,73,2,0.0273972602739726,71
1850,4,0,0.0,4
1851,3,0,0.0,3
1852,34,6,0.17647058823529413,28
1853,48,5,0.10416666666666667,43
1854,25,7,0.28,18
1855,49,3,0.061224489795918366,46
1856,64,3,0.046875,61
1857,28,8,0.2857142857142857,20
1858,41,0,0.0,41
1859,81,0,0.0,81
1860,43,2,0.046511627906976744,41
1861,2,2,1.0,0
1862,60,4,0.06666666666666667,56
1863,30,3,0.1,27
1864,59,0,0.0,59
1865,56,3,0.05357142857142857,53
1866,58,4,0.06896551724137931,54
1867,14,2,0.14285714285714285,12
1868,74,0,0.0,74
1869,50,1,0.02,49
1870,40,0,0.0,40
1871,28,2,0.07142857142857142,26
1872,50,1,0.02,49
1873,59,2,0.03389830508474576,57
1874,10,0,0.0,10
1875,17,1,0.058823529411764705,16
1876,79,0,0.0,79
1877,18,7,0.3888888888888889,11
1878,27,5,0.18518518518518517,22
1879,37,4,0.10810810810810811,33
1880,46,5,0.10869565217391304,41
1881,40,4,0.1,36
1882,81,0,0.0,81
1883,42,1,0.023809523809523808,41
1884,18,4,0.2222222222222222,14
1885,19,4,0.21052631578947367,15
1886,50,2,0.04,48
1887,80,1,0.0125,79
1888,22,2,0.09090909090909091,20
1889,12,0,0.0,12
1890,28,5,0.17857142857142858,23
1891,39,3,0.07692307692307693,36
1892,60,2,0.03333333333333333,58
1893,47,2,0.0425531914893617,45
1894,63,0,0.0,63
1895,20,7,0.35,13
1896,79,0,0.0,79
1897,15,0,0.0,15
1898,81,0,0.0,81
1899,15,2,0.13333333333333333,13
1900,39,4,0.10256410256410256,35
1901,62,2,0.03225806451612903,60
1902,81,2,0.024691358024691357,79
1903,38,2,0.05263157894736842,36
1904,26,8,0.3076923076923077,18
1905,81,1,0.012345679012345678,80
1906,23,0,0.0,23
1907,73,0,0.0,73
1908,27,5,0.18518518518518517,22
1909,45,0,0.0,45
1910,44,0,0.0,44
1911,20,5,0.25,15
1912,23,1,0.043478260869565216,22
1913,21,2,0.09523809523809523,19
1914,68,0,0.0,68
1915,31,9,0.2903225806451613,22
1916,4,0,0.0,4
1917,52,1,0.019230769230769232,51
1918,19,2,0.10526315789473684,17
1919,50,8,0.16,42
1920,79,1,0.012658227848101266,78
1921,81,0,0.0,81
1922,28,5,0.17857142857142858,23
1923,11,3,0.2727272727272727,8
1924,34,1,0.029411764705882353,33
1925,32,1,0.03125,31
1926,14,4,0.2857142857142857,10
1927,49,8,0.16326530612244897,41
1928,61,1,0.01639344262295082,60
1929,35,1,0.02857142857142857,34
1930,13,7,0.5384615384615384,6
1931,20,4,0.2,16
1932,8,0,0.0,8
1933,60,3,0.05,57
1934,51,2,0.0392156862745098,49
1935,17,2,0.11764705882352941,15
1936,70,0,0.0,70
1937,48,3,0.0625,45
1938,67,1,0.014925373134328358,66
1939,31,4,0.12903225806451613,27
1940,30,2,0.06666666666666667,28
1941,78,0,0.0,78
1942,26,8,0.3076923076923077,18
1943,57,2,0.03508771929824561,55
1944,32,3,0.09375,29
1945,40,4,0.1,36
1946,44,1,0.022727272727272728,43
1947,81,0,0.0,81
1948,32,8,0.25,24
1949,8,0,0.0,8
1950,53,1,0.018867924528301886,52
1951,33,8,0.24242424242424243,25
1952,48,1,0.020833333333333332,47
1953,38,6,0.15789473684210525,32
1954,37,0,0.0,37
1955,39,21,0.5384615384615384,18
1956,45,2,0.044444444444444446,43
1957,11,4,0.36363636363636365,7
1958,66,1,0.015151515151515152,65
1959,61,1,0.01639344262295082,60
1960,41,4,0.0975609756097561,37
1961,50,4,0.08,46
1962,32,0,0.0,32
1963,81,0,0.0,81
1964,81,0,0.0,81
1965,38,6,0.15789473684210525,32
1966,21,0,0.0,21
1967,79,1,0.012658227848101266,78
1968,23,4,0.17391304347826086,19
1969,23,3,0.13043478260869565,20
1970,9,3,0.3333333333333333,6
1971,44,2,0.045454545454545456,42
1972,50,2,0.04,48
1973,79,0,0.0,79
1974,81,4,0.04938271604938271,77
1975,47,2,0.0425531914893617,45
1976,5,0,0.0,5
1977,10,0,0.0,10
1978,9,0,0.0,9
1979,12,6,0.5,6
1980,29,4,0.13793103448275862,25
1981,9,3,0.3333333333333333,6
1982,48,4,0.08333333333333333,44
1983,8,0,0.0,8
1984,8,0,0.0,8
1985,5,4,0.8,1
1986,33,7,0.21212121212121213,26
1987,67,2,0.029850746268656716,65
1988,56,2,0.03571428571428571,54
1989,37,1,0.02702702702702703,36
1990,50,1,0.02,49
1991,25,3,0.12,22
1992,35,4,0.11428571428571428,31
1993,16,5,0.3125,11
1994,81,1,0.012345679012345678,80
1995,25,5,0.2,20
1996,46,1,0.021739130434782608,45
1997,7,0,0.0,7
1998,25,4,0.16,21
1999,81,1,0.012345679012345678,80
2000,35,4,0.11428571428571428,31
2001,68,0,0.0,68
2002,17,3,0.17647058823529413,14
2003,47,1,0.02127659574468085,46
2004,22,4,0.18181818181818182,18
2005,22,3,0.13636363636363635,19
2006,80,0,0.0,80
2007,81,0,0.0,81
2008,24,0,0.0,24
2009,6,2,0.3333333333333333,4
2010,11,5,0.45454545454545453,6
2011,26,3,0.11538461538461539,23
2012,50,2,0.04,48
2013,74,6,0.08108108108108109,68
2014,32,2,0.0625,30
2015,32,1,0.03125,31
2016,15,9,0.6,6
2017,66,2,0.030303030303030304,64
2018,81,0,0.0,81
2019,15,5,0.3333333333333333,10
2020,50,1,0.02,49
2021,2,2,1.0,0
2022,19,2,0.10526315789473684,17
2023,49,1,0.02040816326530612,48
2024,14,1,0.07142857142857142,13
2025,51,4,0.0784313725490196,47
2026,28,0,0.0,28
2027,13,3,0.23076923076923078,10
2028,40,5,0.125,35
2029,68,3,0.04411764705882353,65
2030,60,2,0.03333333333333333,58
2031,81,5,0.06172839506172839,76
2032,25,3,0.12,22
2033,20,7,0.35,13
2034,19,2,0.10526315789473684,17
2035,81,1,0.012345679012345678,80
2036,25,1,0.04,24
2037,10,0,0.0,10
2038,48,1,0.020833333333333332,47
2039,61,1,0.01639344262295082,60
2040,28,0,0.0,28
2041,5,1,0.2,4
2042,28,4,0.14285714285714285,24
2043,75,5,0.06666666666666667,70
2044,19,3,0.15789473684210525,16
2045,57,0,0.0,57
2046,62,44,0.7096774193548387,18
2047,30,5,0.16666666666666666,25
2048,80,0,0.0,80
2049,19,5,0.2631578947368421,14
2050,59,1,0.01694915254237288,58
2051,61,1,0.01639344262295082,60
2052,56,1,0.017857142857142856,55
2053,23,2,0.08695652173913043,21
2054,53,3,0.05660377358490566,50
2055,23,5,0.21739130434782608,18
2056,65,0,0.0,65
2057,42,3,0.07142857142857142,39
2058,80,0,0.0,80
2059,21,2,0.09523809523809523,19
2060,71,1,0.014084507042253521,70
2061,42,1,0.023809523809523808,41
2062,52,0,0.0,52
2063,48,0,0.0,48
2064,19,5,0.2631578947368421,14
2065,23,1,0.043478260869565216,22
2066,54,4,0.07407407407407407,50
2067,33,0,0.0,33
2068,38,2,0.05263157894736842,36
2069,21,3,0.14285714285714285,18
2070,81,1,0.012345679012345678,80
2071,34,3,0.08823529411764706,31
2072,19,4,0.21052631578947367,15
2073,19,4,0.21052631578947367,15
2074,34,0,0.0,34
2075,28,3,0.10714285714285714,25
2076,45,2,0.044444444444444446,43
2077,73,0,0.0,73
2078,21,7,0.3333333333333333,14
2079,81,11,0.13580246913580246,70
2080,56,1,0.017857142857142856,55
2081,42,4,0.09523809523809523,38
2082,62,18,0.2903225806451613,44
2083,24,6,0.25,18
2084,23,3,0.13043478260869565,20
2085,59,0,0.0,59
2086,79,1,0.012658227848101266,78
2087,26,4,0.15384615384615385,22
2088,36,2,0.05555555555555555,34
2089,65,2,0.03076923076923077,63
2090,59,1,0.01694915254237288,58
2091,56,2,0.03571428571428571,54
2092,66,4,0.06060606060606061,62
2093,35,1,0.02857142857142857,34
2094,71,1,0.014084507042253521,70
2095,81,0,0.0,81
2096,60,0,0.0,60
2097,22,5,0.22727272727272727,17
2098,2,0,0.0,2
2099,21,6,0.2857142857142857,15
2100,79,1,0.012658227848101266,78
2101,24,8,0.3333333333333333,16
2102,81,2,0.024691358024691357,79
2103,34,5,0.14705882352941177,29
2104,67,1,0.014925373134328358,66
2105,22,4,0.18181818181818182,18
2106,81,2,0.024691358024691357,79
2107,19,6,0.3157894736842105,13
2108,81,81,1.0,0
2109,41,2,0.04878048780487805,39
2110,42,2,0.047619047619047616,40
2111,54,5,0.09259259259259259,49
2112,22,4,0.18181818181818182,18
2113,8,1,0.125,7
2114,24,5,0.20833333333333334,19
2115,12,0,0.0,12
2116,15,1,0.06666666666666667,14
2117,59,0,0.0,59
2118,17,4,0.23529411764705882,13
2119,59,2,0.03389830508474576,57
2120,27,7,0.25925925925925924,20
2121,50,6,0.12,44
2122,32,5,0.15625,27
2123,81,0,0.0,81
2124,27,7,0.25925925925925924,20
2125,17,0,0.0,17
2126,23,2,0.08695652173913043,21
2127,34,0,0.0,34
2128,32,6,0.1875,26
2129,80,4,0.05,76
2130,24,7,0.2916666666666667,17
2131,68,0,0.0,68
2132,40,2,0.05,38
2133,66,1,0.015151515151515152,65
2134,13,5,0.38461538461538464,8
2135,81,0,0.0,81
2136,60,4,0.06666666666666667,56
2137,49,3,0.061224489795918366,46
2138,21,6,0.2857142857142857,15
2139,54,1,0.018518518518518517,53
2140,44,6,0.13636363636363635,38
2141,23,4,0.17391304347826086,19
2142,81,0,0.0,81
2143,55,1,0.01818181818181818,54
2144,16,3,0.1875,13
2145,41,5,0.12195121951219512,36
2146,19,5,0.2631578947368421,14
2147,25,3,0.12,22
2148,40,0,0.0,40
2149,75,0,0.0,75
2150,73,0,0.0,73
2151,20,0,0.0,20
2152,25,1,0.04,24
2153,28,3,0.10714285714285714,25
2154,77,0,0.0,77
2155,81,0,0.0,81
2156,8,1,0.125,7
2157,30,2,0.06666666666666667,28
2158,79,2,0.02531645569620253,77
2159,63,1,0.015873015873015872,62
2160,78,0,0.0,78
2161,48,5,0.10416666666666667,43
2162,29,8,0.27586206896551724,21
2163,43,0,0.0,43
2164,49,1,0.02040816326530612,48
2165,72,0,0.0,72
2166,20,3,0.15,17
2167,40,0,0.0,40
2168,55,5,0.09090909090909091,50
2169,70,3,0.04285714285714286,67
2170,37,4,0.10810810810810811,33
2171,81,0,0.0,81
2172,39,0,0.0,39
2173,45,1,0.022222222222222223,44
2174,81,1,0.012345679012345678,80
2175,22,5,0.22727272727272727,17
2176,48,3,0.0625,45
2177,75,1,0.013333333333333334,74
2178,39,8,0.20512820512820512,31
2179,31,3,0.0967741935483871,28
2180,33,3,0.09090909090909091,30
2181,13,1,0.07692307692307693,12
2182,49,0,0.0,49
2183,66,2,0.030303030303030304,64
2184,38,17,0.4473684210526316,21
2185,67,0,0.0,67
2186,57,1,0.017543859649122806,56
2187,25,0,0.0,25
2188,56,3,0.05357142857142857,53
2189,16,0,0.0,16
2190,38,2,0.05263157894736842,36
2191,25,8,0.32,17
2192,81,0,0.0,81
2193,81,2,0.024691358024691357,79
2194,38,6,0.15789473684210525,32
2195,81,0,0.0,81
2196,11,4,0.36363636363636365,7
2197,36,5,0.1388888888888889,31
2198,38,1,0.02631578947368421,37
2199,32,0,0.0,32
2200,22,0,0.0,22
2201,25,2,0.08,23
2202,27,8,0.2962962962962963,19
2203,81,0,0.0,81
2204,13,2,0.15384615384615385,11
2205,14,0,0.0,14
2206,11,0,0.0,11
2207,12,3,0.25,9
2208,21,4,0.19047619047619047,17
2209,79,1,0.012658227848101266,78
2210,60,4,0.06666666666666667,56
2211,3,0,0.0,3
2212,55,5,0.09090909090909091,50
2213,40,5,0.125,35
2214,23,1,0.043478260869565216,22
2215,81,1,0.012345679012345678,80
2216,24,1,0.041666666666666664,23
2217,18,6,0.3333333333333333,12
2218,76,2,0.02631578947368421,74
2219,16,3,0.1875,13
2220,54,1,0.018518518518518517,53
2221,39,3,0.07692307692307693,36
2222,48,0,0.0,48
2223,81,1,0.012345679012345678,80
2224,19,0,0.0,19
2225,13,0,0.0,13
2226,29,2,0.06896551724137931,27
2227,30,2,0.06666666666666667,28
2228,20,5,0.25,15
2229,67,1,0.014925373134328358,66
2230,22,0,0.0,22
2231,7,0,0.0,7
2232,60,21,0.35,39
2233,6,1,0.16666666666666666,5
2234,17,4,0.23529411764705882,13
2235,38,1,0.02631578947368421,37
2236,61,2,0.03278688524590164,59
2237,81,0,0.0,81
2238,39,1,0.02564102564102564,38
2239,61,0,0.0,61
2240,15,7,0.4666666666666667,8
2241,58,3,0.05172413793103448,55
2242,28,2,0.07142857142857142,26
2243,32,3,0.09375,29
2244,46,3,0.06521739130434782,43
2245,18,4,0.2222222222222222,14
2246,10,5,0.5,5
2247,17,3,0.17647058823529413,14
2248,66,0,0.0,66
2249,81,0,0.0,81
2250,51,3,0.058823529411764705,48
2251,9,5,0.5555555555555556,4
2252,81,1,0.012345679012345678,80
2253,33,5,0.15151515151515152,28
2254,27,2,0.07407407407407407,25
2255,81,0,0.0,81
2256,52,1,0.019230769230769232,51
2257,63,1,0.015873015873015872,62
2258,16,3,0.1875,13
2259,19,8,0.42105263157894735,11
2260,28,4,0.14285714285714285,24
2261,30,4,0.13333333333333333,26
2262,57,2,0.03508771929824561,55
2263,22,1,0.045454545454545456,21
2264,24,2,0.08333333333333333,22
2265,81,1,0.012345679012345678,80
2266,74,3,0.04054054054054054,71
2267,70,0,0.0,70
2268,75,0,0.0,75
2269,5,5,1.0,0
2270,30,1,0.03333333333333333,29
2271,81,0,0.0,81
2272,14,1,0.07142857142857142,13
2273,43,1,0.023255813953488372,42
2274,43,1,0.023255813953488372,42
2275,32,4,0.125,28
2276,13,3,0.23076923076923078,10
2277,3,1,0.3333333333333333,2
2278,59,35,0.5932203389830508,24
2279,15,6,0.4,9
2280,51,0,0.0,51
2281,38,1,0.02631578947368421,37
2282,49,3,0.061224489795918366,46
2283,58,3,0.05172413793103448,55
2284,26,3,0.11538461538461539,23
2285,36,4,0.1111111111111111,32
2286,48,4,0.08333333333333333,44
2287,13,5,0.38461538461538464,8
2288,21,1,0.047619047619047616,20
2289,14,4,0.2857142857142857,10
2290,8,1,0.125,7
2291,51,3,0.058823529411764705,48
2292,26,0,0.0,26
2293,10,0,0.0,10
2294,66,2,0.030303030303030304,64
2295,66,1,0.015151515151515152,65
2296,32,1,0.03125,31
2297,42,3,0.07142857142857142,39
2298,75,3,0.04,72
2299,33,6,0.18181818181818182,27
2300,43,0,0.0,43
2301,70,2,0.02857142857142857,68
2302,74,0,0.0,74
2303,81,0,0.0,81
2304,63,0,0.0,63
2305,20,2,0.1,18
2306,27,2,0.07407407407407407,25
2307,80,0,0.0,80
2308,28,2,0.07142857142857142,26
2309,81,0,0.0,81
2310,67,4,0.05970149253731343,63
2311,14,8,0.5714285714285714,6
2312,81,1,0.012345679012345678,80
2313,50,2,0.04,48
2314,34,4,0.11764705882352941,30
2315,37,3,0.08108108108108109,34
2316,45,5,0.1111111111111111,40
2317,44,5,0.11363636363636363,39
2318,51,5,0.09803921568627451,46
2319,13,1,0.07692307692307693,12
2320,75,0,0.0,75
2321,35,6,0.17142857142857143,29
2322,44,2,0.045454545454545456,42
2323,21,3,0.14285714285714285,18
2324,40,0,0.0,40
2325,81,1,0.012345679012345678,80
2326,81,73,0.9012345679012346,8
2327,34,3,0.08823529411764706,31
2328,44,3,0.06818181818181818,41
2329,76,1,0.013157894736842105,75
2330,13,0,0.0,13
2331,59,0,0.0,59
2332,22,0,0.0,22
2333,43,8,0.18604651162790697,35
2334,78,0,0.0,78
2335,52,1,0.019230769230769232,51
2336,81,0,0.0,81
2337,42,1,0.023809523809523808,41
2338,36,5,0.1388888888888889,31
2339,70,1,0.014285714285714285,69
2340,11,8,0.7272727272727273,3
2341,81,0,0.0,81
2342,10,1,0.1,9
2343,78,1,0.01282051282051282,77
2344,34,7,0.20588235294117646,27
2345,27,5,0.18518518518518517,22
2346,31,3,0.0967741935483871,28
2347,8,2,0.25,6
2348,3,1,0.3333333333333333,2
2349,74,1,0.013513513513513514,73
2350,72,1,0.013888888888888888,71
2351,2,2,1.0,0
2352,11,0,0.0,11
2353,9,2,0.2222222222222222,7
2354,44,0,0.0,44
2355,60,2,0.03333333333333333,58
2356,27,2,0.07407407407407407,25
2357,50,0,0.0,50
2358,25,0,0.0,25
2359,81,1,0.012345679012345678,80
2360,45,4,0.08888888888888889,41
2361,71,0,0.0,71
2362,18,4,0.2222222222222222,14
2363,22,6,0.2727272727272727,16
2364,50,0,0.0,50
2365,75,5,0.06666666666666667,70
2366,72,0,0.0,72
2367,12,0,0.0,12
2368,14,0,0.0,14
2369,14,6,0.42857142857142855,8
2370,46,3,0.06521739130434782,43
2371,41,4,0.0975609756097561,37
2372,11,0,0.0,11
2373,45,1,0.022222222222222223,44
2374,50,2,0.04,48
2375,17,3,0.17647058823529413,14
2376,53,3,0.05660377358490566,50
2377,61,1,0.01639344262295082,60
2378,45,3,0.06666666666666667,42
2379,66,1,0.015151515151515152,65
2380,32,5,0.15625,27
2381,57,1,0.017543859649122806,56
2382,35,7,0.2,28
2383,62,0,0.0,62
2384,20,0,0.0,20
2385,80,1,0.0125,79
2386,5,4,0.8,1
2387,35,4,0.11428571428571428,31
2388,66,3,0.045454545454545456,63
2389,36,2,0.05555555555555555,34
2390,14,0,0.0,14
2391,77,2,0.025974025974025976,75
2392,81,0,0.0,81
2393,81,0,0.0,81
2394,6,4,0.6666666666666666,2
2395,81,1,0.012345679012345678,80
2396,39,5,0.1282051282051282,34
2397,53,2,0.03773584905660377,51
2398,23,5,0.21739130434782608,18
2399,37,0,0.0,37
2400,22,6,0.2727272727272727,16
2401,80,1,0.0125,79
2402,8,1,0.125,7
2403,11,0,0.0,11
2404,32,0,0.0,32
2405,7,2,0.2857142857142857,5
2406,9,0,0.0,9
2407,76,2,0.02631578947368421,74
2408,19,2,0.10526315789473684,17
2409,37,1,0.02702702702702703,36
2410,50,1,0.02,49
2411,26,3,0.11538461538461539,23
2412,16,5,0.3125,11
2413,60,0,0.0,60
2414,78,1,0.01282051282051282,77
2415,81,0,0.0,81
2416,39,2,0.05128205128205128,37
2417,42,3,0.07142857142857142,39
2418,34,5,0.14705882352941177,29
2419,81,0,0.0,81
2420,36,3,0.08333333333333333,33
2421,56,0,0.0,56
2422,57,5,0.08771929824561403,52
2423,36,3,0.08333333333333333,33
2424,45,3,0.06666666666666667,42
2425,17,16,0.9411764705882353,1
2426,81,0,0.0,81
2427,46,4,0.08695652173913043,42
2428,47,2,0.0425531914893617,45
2429,81,1,0.012345679012345678,80
2430,23,4,0.17391304347826086,19
2431,37,2,0.05405405405405406,35
2432,77,1,0.012987012987012988,76
2433,81,0,0.0,81
2434,26,5,0.19230769230769232,21
2435,32,2,0.0625,30
2436,16,4,0.25,12
2437,39,0,0.0,39
2438,80,0,0.0,80
2439,14,0,0.0,14
2440,66,0,0.0,66
2441,80,1,0.0125,79
2442,18,2,0.1111111111111111,16
2443,16,0,0.0,16
2444,40,3,0.075,37
2445,9,0,0.0,9
2446,36,1,0.027777777777777776,35
2447,53,0,0.0,53
2448,8,4,0.5,4
2449,27,4,0.14814814814814814,23
2450,42,1,0.023809523809523808,41
2451,19,2,0.10526315789473684,17
2452,9,0,0.0,9
2453,75,3,0.04,72
2454,25,4,0.16,21
2455,12,1,0.08333333333333333,11
2456,48,1,0.020833333333333332,47
2457,42,7,0.16666666666666666,35
2458,28,1,0.03571428571428571,27
2459,81,0,0.0,81
2460,33,2,0.06060606060606061,31
2461,67,0,0.0,67
2462,14,3,0.21428571428571427,11
2463,55,1,0.01818181818181818,54
2464,69,2,0.028985507246376812,67
2465,66,0,0.0,66
2466,36,6,0.16666666666666666,30
2467,55,0,0.0,55
2468,37,1,0.02702702702702703,36
2469,31,3,0.0967741935483871,28
2470,71,0,0.0,71
2471,36,0,0.0,36
2472,26,8,0.3076923076923077,18
2473,27,3,0.1111111111111111,24
2474,42,0,0.0,42
2475,48,1,0.020833333333333332,47
2476,6,6,1.0,0
2477,18,0,0.0,18
2478,23,5,0.21739130434782608,18
2479,59,1,0.01694915254237288,58
2480,22,1,0.045454545454545456,21
2481,30,5,0.16666666666666666,25
2482,22,1,0.045454545454545456,21
2483,4,1,0.25,3
2484,33,1,0.030303030303030304,32
2485,79,0,0.0,79
2486,27,5,0.18518518518518517,22
2487,13,3,0.23076923076923078,10
2488,27,2,0.07407407407407407,25
2489,81,1,0.012345679012345678,80
2490,13,0,0.0,13
2491,36,5,0.1388888888888889,31
2492,10,7,0.7,3
2493,21,0,0.0,21
2494,42,0,0.0,42
2495,81,0,0.0,81
2496,16,2,0.125,14
2497,57,1,0.017543859649122806,56
2498,49,2,0.04081632653061224,47
2499,81,2,0.024691358024691357,79
2500,17,2,0.11764705882352941,15
2501,37,3,0.08108108108108109,34
2502,10,0,0.0,10
2503,12,6,0.5,6
2504,66,3,0.045454545454545456,63
2505,28,0,0.0,28
2506,37,3,0.08108108108108109,34
2507,24,4,0.16666666666666666,20
2508,54,0,0.0,54
2509,48,2,0.041666666666666664,46
2510,45,2,0.044444444444444446,43
2511,35,3,0.08571428571428572,32
2512,4,0,0.0,4
2513,59,1,0.01694915254237288,58
2514,38,2,0.05263157894736842,36
2515,81,0,0.0,81
2516,54,1,0.018518518518518517,53
2517,23,4,0.17391304347826086,19
2518,38,1,0.02631578947368421,37
2519,46,0,0.0,46
2520,21,0,0.0,21
2521,54,0,0.0,54
2522,77,0,0.0,77
2523,28,2,0.07142857142857142,26
2524,34,1,0.029411764705882353,33
2525,67,1,0.014925373134328358,66
2526,38,1,0.02631578947368421,37
2527,38,4,0.10526315789473684,34
2528,15,0,0.0,15
2529,28,4,0.14285714285714285,24
2530,16,3,0.1875,13
2531,18,0,0.0,18
2532,36,2,0.05555555555555555,34
2533,29,4,0.13793103448275862,25
2534,72,1,0.013888888888888888,71
2535,35,4,0.11428571428571428,31
2536,38,4,0.10526315789473684,34
2537,19,4,0.21052631578947367,15
2538,45,3,0.06666666666666667,42
2539,41,3,0.07317073170731707,38
2540,18,4,0.2222222222222222,14
2541,48,5,0.10416666666666667,43
2542,13,1,0.07692307692307693,12
2543,81,1,0.012345679012345678,80
2544,10,5,0.5,5
2545,81,0,0.0,81
2546,81,0,0.0,81
2547,8,4,0.5,4
2548,31,9,0.2903225806451613,22
2549,13,3,0.23076923076923078,10
2550,16,5,0.3125,11
2551,46,3,0.06521739130434782,43
2552,6,0,0.0,6
2553,70,1,0.014285714285714285,69
2554,17,13,0.7647058823529411,4
2555,46,2,0.043478260869565216,44
2556,81,1,0.012345679012345678,80
2557,11,0,0.0,11
2558,47,0,0.0,47
2559,43,4,0.09302325581395349,39
2560,51,0,0.0,51
2561,13,2,0.15384615384615385,11
2562,15,5,0.3333333333333333,10
2563,18,4,0.2222222222222222,14
2564,34,5,0.14705882352941177,29
2565,81,1,0.012345679012345678,80
2566,3,0,0.0,3
2567,71,0,0.0,71
2568,13,0,0.0,13
2569,62,3,0.04838709677419355,59
2570,46,4,0.08695652173913043,42
2571,74,2,0.02702702702702703,72
2572,42,1,0.023809523809523808,41
2573,79,1,0.012658227848101266,78
2574,45,1,0.022222222222222223,44
2575,14,7,0.5,7
2576,6,2,0.3333333333333333,4
2577,66,4,0.06060606060606061,62
2578,81,1,0.012345679012345678,80
2579,9,4,0.4444444444444444,5
2580,71,1,0.014084507042253521,70
2581,70,1,0.014285714285714285,69
2582,81,3,0.037037037037037035,78
2583,38,8,0.21052631578947367,30
2584,35,7,0.2,28
2585,39,4,0.10256410256410256,35
2586,18,1,0.05555555555555555,17
2587,48,0,0.0,48
2588,17,0,0.0,17
2589,35,2,0.05714285714285714,33
2590,20,5,0.25,15
2591,59,1,0.01694915254237288,58
2592,81,0,0.0,81
2593,28,4,0.14285714285714285,24
2594,21,0,0.0,21
2595,66,3,0.045454545454545456,63
2596,63,0,0.0,63
2597,59,2,0.03389830508474576,57
2598,79,5,0.06329113924050633,74
2599,33,6,0.18181818181818182,27
2600,36,0,0.0,36
2601,24,0,0.0,24
2602,81,0,0.0,81
2603,17,5,0.29411764705882354,12
2604,24,7,0.2916666666666667,17
2605,62,2,0.03225806451612903,60
2606,81,1,0.012345679012345678,80
2607,35,5,0.14285714285714285,30
2608,15,4,0.26666666666666666,11
2609,28,5,0.17857142857142858,23
2610,48,7,0.14583333333333334,41
2611,75,4,0.05333333333333334,71
2612,33,1,0.030303030303030304,32
2613,4,3,0.75,1
2614,81,2,0.024691358024691357,79
2615,49,0,0.0,49
2616,81,1,0.012345679012345678,80
2617,29,0,0.0,29
2618,29,0,0.0,29
2619,54,5,0.09259259259259259,49
2620,34,2,0.058823529411764705,32
2621,69,7,0.10144927536231885,62
2622,58,1,0.017241379310344827,57
2623,25,2,0.08,23
2624,32,7,0.21875,25
2625,79,0,0.0,79
2626,31,2,0.06451612903225806,29
2627,15,4,0.26666666666666666,11
2628,75,4,0.05333333333333334,71
2629,81,2,0.024691358024691357,79
2630,21,7,0.3333333333333333,14
2631,68,4,0.058823529411764705,64
2632,57,2,0.03508771929824561,55
2633,81,0,0.0,81
2634,68,2,0.029411764705882353,66
2635,49,49,1.0,0
2636,29,4,0.13793103448275862,25
2637,30,0,0.0,30
2638,53,2,0.03773584905660377,51
2639,20,2,0.1,18
2640,55,2,0.03636363636363636,53
2641,49,1,0.02040816326530612,48
2642,81,1,0.012345679012345678,80
2643,81,1,0.012345679012345678,80
2644,62,0,0.0,62
2645,73,0,0.0,73
2646,40,1,0.025,39
2647,49,1,0.02040816326530612,48
2648,57,1,0.017543859649122806,56
2649,46,5,0.10869565217391304,41
2650,17,0,0.0,17
2651,10,0,0.0,10
2652,61,1,0.01639344262295082,60
2653,14,4,0.2857142857142857,10
2654,57,1,0.017543859649122806,56
2655,50,2,0.04,48
2656,50,2,0.04,48
2657,48,1,0.020833333333333332,47
2658,19,7,0.3684210526315789,12
2659,71,1,0.014084507042253521,70
2660,81,1,0.012345679012345678,80
2661,81,0,0.0,81
2662,31,2,0.06451612903225806,29
2663,15,5,0.3333333333333333,10
2664,47,2,0.0425531914893617,45
2665,13,2,0.15384615384615385,11
2666,80,1,0.0125,79
2667,75,0,0.0,75
2668,43,0,0.0,43
2669,42,0,0.0,42
2670,36,5,0.1388888888888889,31
2671,9,3,0.3333333333333333,6
2672,81,0,0.0,81
2673,19,3,0.15789473684210525,16
2674,18,1,0.05555555555555555,17
2675,16,0,0.0,16
2676,47,2,0.0425531914893617,45
2677,80,46,0.575,34
2678,81,0,0.0,81
2679,26,3,0.11538461538461539,23
2680,23,3,0.13043478260869565,20
2681,29,5,0.1724137931034483,24
2682,43,5,0.11627906976744186,38
2683,49,2,0.04081632653061224,47
2684,34,0,0.0,34
2685,21,4,0.19047619047619047,17
2686,37,2,0.05405405405405406,35
2687,19,3,0.15789473684210525,16
2688,69,0,0.0,69
2689,67,4,0.05970149253731343,63
2690,57,2,0.03508771929824561,55
2691,30,5,0.16666666666666666,25
2692,15,3,0.2,12
2693,47,2,0.0425531914893617,45
2694,23,9,0.391304347826087,14
2695,15,1,0.06666666666666667,14
2696,34,1,0.029411764705882353,33
2697,29,4,0.13793103448275862,25
2698,15,7,0.4666666666666667,8
2699,79,0,0.0,79
2700,23,0,0.0,23
2701,17,3,0.17647058823529413,14
2702,81,0,0.0,81
2703,53,0,0.0,53
2704,39,3,0.07692307692307693,36
2705,71,0,0.0,71
2706,23,0,0.0,23
2707,80,1,0.0125,79
2708,2,2,1.0,0
2709,37,1,0.02702702702702703,36
2710,55,2,0.03636363636363636,53
2711,79,0,0.0,79
2712,34,2,0.058823529411764705,32
2713,6,1,0.16666666666666666,5
2714,76,0,0.0,76
2715,66,3,0.045454545454545456,63
2716,34,2,0.058823529411764705,32
2717,30,2,0.06666666666666667,28
2718,50,3,0.06,47
2719,37,6,0.16216216216216217,31
2720,81,47,0.5802469135802469,34
2721,66,1,0.015151515151515152,65
2722,81,69,0.8518518518518519,12
2723,35,2,0.05714285714285714,33
2724,18,2,0.1111111111111111,16
2725,8,6,0.75,2
2726,16,4,0.25,12
2727,80,3,0.0375,77
2728,58,1,0.017241379310344827,57
2729,69,1,0.014492753623188406,68
2730,68,1,0.014705882352941176,67
2731,1,1,1.0,0
2732,81,2,0.024691358024691357,79
2733,32,1,0.03125,31
2734,72,1,0.013888888888888888,71
2735,41,1,0.024390243902439025,40
2736,12,5,0.4166666666666667,7
2737,48,3,0.0625,45
2738,23,3,0.13043478260869565,20
2739,72,1,0.013888888888888888,71
2740,66,1,0.015151515151515152,65
2741,39,4,0.10256410256410256,35
2742,9,5,0.5555555555555556,4
2743,33,2,0.06060606060606061,31
2744,32,3,0.09375,29
2745,60,1,0.016666666666666666,59
2746,78,0,0.0,78
2747,65,5,0.07692307692307693,60
2748,14,2,0.14285714285714285,12
2749,57,2,0.03508771929824561,55
2750,20,0,0.0,20
2751,67,5,0.07462686567164178,62
2752,64,2,0.03125,62
2753,16,2,0.125,14
2754,46,6,0.13043478260869565,40
2755,73,0,0.0,73
2756,81,19,0.2345679012345679,62
2757,22,2,0.09090909090909091,20
2758,19,4,0.21052631578947367,15
2759,28,0,0.0,28
2760,9,0,0.0,9
2761,54,0,0.0,54
2762,78,2,0.02564102564102564,76
2763,76,0,0.0,76
2764,23,4,0.17391304347826086,19
2765,63,0,0.0,63
2766,39,1,0.02564102564102564,38
2767,13,0,0.0,13
2768,16,3,0.1875,13
2769,80,1,0.0125,79
2770,80,1,0.0125,79
2771,29,6,0.20689655172413793,23
2772,5,0,0.0,5
2773,31,0,0.0,31
2774,15,4,0.26666666666666666,11
2775,78,2,0.02564102564102564,76
2776,46,3,0.06521739130434782,43
2777,76,4,0.05263157894736842,72
2778,34,2,0.058823529411764705,32
2779,17,0,0.0,17
2780,27,8,0.2962962962962963,19
2781,29,1,0.034482758620689655,28
2782,67,2,0.029850746268656716,65
2783,28,1,0.03571428571428571,27
2784,51,3,0.058823529411764705,48
2785,70,1,0.014285714285714285,69
2786,81,0,0.0,81
2787,60,0,0.0,60
2788,58,2,0.034482758620689655,56
2789,30,4,0.13333333333333333,26
2790,66,2,0.030303030303030304,64
2791,49,4,0.08163265306122448,45
2792,17,1,0.058823529411764705,16
2793,44,1,0.022727272727272728,43
2794,24,0,0.0,24
2795,68,2,0.029411764705882353,66
2796,70,0,0.0,70
2797,18,3,0.16666666666666666,15
2798,34,4,0.11764705882352941,30
2799,20,3,0.15,17
2800,76,2,0.02631578947368421,74
2801,67,5,0.07462686567164178,62
2802,58,5,0.08620689655172414,53
2803,27,6,0.2222222222222222,21
2804,67,4,0.05970149253731343,63
2805,71,2,0.028169014084507043,69
2806,32,2,0.0625,30
2807,23,1,0.043478260869565216,22
2808,46,1,0.021739130434782608,45
2809,34,3,0.08823529411764706,31
2810,40,1,0.025,39
2811,44,3,0.06818181818181818,41
2812,37,3,0.08108108108108109,34
2813,22,1,0.045454545454545456,21
2814,42,3,0.07142857142857142,39
2815,24,6,0.25,18
2816,42,2,0.047619047619047616,40
2817,71,1,0.014084507042253521,70
2818,70,2,0.02857142857142857,68
2819,10,0,0.0,10
2820,58,12,0.20689655172413793,46
2821,69,0,0.0,69
2822,81,1,0.012345679012345678,80
2823,42,0,0.0,42
2824,57,0,0.0,57
2825,15,3,0.2,12
2826,39,1,0.02564102564102564,38
2827,25,4,0.16,21
2828,17,4,0.23529411764705882,13
2829,12,2,0.16666666666666666,10
2830,39,0,0.0,39
2831,1,1,1.0,0
2832,30,3,0.1,27
2833,40,1,0.025,39
2834,81,2,0.024691358024691357,79
2835,39,4,0.10256410256410256,35
2836,67,1,0.014925373134328358,66
2837,12,2,0.16666666666666666,10
2838,23,5,0.21739130434782608,18
2839,38,5,0.13157894736842105,33
2840,81,0,0.0,81
2841,7,0,0.0,7
2842,39,7,0.1794871794871795,32
2843,40,0,0.0,40
2844,11,1,0.09090909090909091,10
2845,47,2,0.0425531914893617,45
2846,45,2,0.044444444444444446,43
2847,72,3,0.041666666666666664,69
2848,35,0,0.0,35
2849,32,1,0.03125,31
2850,65,1,0.015384615384615385,64
2851,46,1,0.021739130434782608,45
2852,81,0,0.0,81
2853,63,1,0.015873015873015872,62
2854,17,1,0.058823529411764705,16
2855,20,0,0.0,20
2856,24,0,0.0,24
2857,36,0,0.0,36
2858,71,0,0.0,71
2859,46,2,0.043478260869565216,44
2860,51,0,0.0,51
2861,48,0,0.0,48
2862,81,0,0.0,81
2863,50,5,0.1,45
2864,38,4,0.10526315789473684,34
2865,39,1,0.02564102564102564,38
2866,49,1,0.02040816326530612,48
2867,36,2,0.05555555555555555,34
2868,60,1,0.016666666666666666,59
2869,81,0,0.0,81
2870,81,1,0.012345679012345678,80
2871,79,1,0.012658227848101266,78
2872,76,0,0.0,76
2873,50,2,0.04,48
2874,8,2,0.25,6
2875,28,4,0.14285714285714285,24
2876,31,1,0.03225806451612903,30
2877,50,1,0.02,49
2878,50,2,0.04,48
2879,46,4,0.08695652173913043,42
2880,66,6,0.09090909090909091,60
2881,10,4,0.4,6
2882,55,2,0.03636363636363636,53
2883,4,3,0.75,1
2884,30,4,0.13333333333333333,26
2885,44,0,0.0,44
2886,80,0,0.0,80
2887,45,1,0.022222222222222223,44
2888,42,7,0.16666666666666666,35
2889,45,3,0.06666666666666667,42
2890,28,1,0.03571428571428571,27
2891,81,3,0.037037037037037035,78
2892,36,6,0.16666666666666666,30
2893,49,2,0.04081632653061224,47
2894,6,0,0.0,6
2895,73,1,0.0136986301369863,72
2896,43,1,0.023255813953488372,42
2897,76,0,0.0,76
2898,77,0,0.0,77
2899,61,0,0.0,61
2900,81,2,0.024691358024691357,79
2901,36,3,0.08333333333333333,33
2902,59,1,0.01694915254237288,58
2903,35,2,0.05714285714285714,33
2904,15,3,0.2,12
2905,56,0,0.0,56
2906,41,0,0.0,41
2907,81,1,0.012345679012345678,80
2908,59,4,0.06779661016949153,55
2909,63,1,0.015873015873015872,62
2910,11,0,0.0,11
2911,5,0,0.0,5
2912,70,6,0.08571428571428572,64
2913,45,1,0.022222222222222223,44
2914,53,2,0.03773584905660377,51
2915,79,1,0.012658227848101266,78
2916,15,0,0.0,15
2917,35,0,0.0,35
2918,59,2,0.03389830508474576,57
2919,65,0,0.0,65
2920,28,1,0.03571428571428571,27
2921,81,1,0.012345679012345678,80
2922,46,3,0.06521739130434782,43
2923,46,1,0.021739130434782608,45
2924,29,1,0.034482758620689655,28
2925,42,4,0.09523809523809523,38
2926,81,1,0.012345679012345678,80
2927,25,1,0.04,24
2928,26,5,0.19230769230769232,21
2929,48,2,0.041666666666666664,46
2930,75,1,0.013333333333333334,74
2931,53,2,0.03773584905660377,51
2932,81,0,0.0,81
2933,25,7,0.28,18
2934,24,6,0.25,18
2935,43,6,0.13953488372093023,37
2936,49,2,0.04081632653061224,47
2937,52,1,0.019230769230769232,51
2938,61,3,0.04918032786885246,58
2939,10,4,0.4,6
2940,50,2,0.04,48
2941,20,2,0.1,18
2942,44,0,0.0,44
2943,38,1,0.02631578947368421,37
2944,28,1,0.03571428571428571,27
2945,27,4,0.14814814814814814,23
2946,60,2,0.03333333333333333,58
2947,22,5,0.22727272727272727,17
2948,34,9,0.2647058823529412,25
2949,29,4,0.13793103448275862,25
2950,21,4,0.19047619047619047,17
2951,78,4,0.05128205128205128,74
2952,80,3,0.0375,77
2953,9,1,0.1111111111111111,8
2954,22,5,0.22727272727272727,17
2955,32,1,0.03125,31
2956,28,0,0.0,28
2957,16,1,0.0625,15
2958,40,3,0.075,37
2959,81,0,0.0,81
2960,56,0,0.0,56
2961,51,2,0.0392156862745098,49
2962,49,0,0.0,49
2963,81,2,0.024691358024691357,79
2964,5,3,0.6,2
2965,37,1,0.02702702702702703,36
2966,81,2,0.024691358024691357,79
2967,26,3,0.11538461538461539,23
2968,53,5,0.09433962264150944,48
2969,64,1,0.015625,63
2970,81,0,0.0,81
2971,19,4,0.21052631578947367,15
2972,74,0,0.0,74
2973,22,8,0.36363636363636365,14
2974,21,3,0.14285714285714285,18
2975,27,0,0.0,27
2976,80,0,0.0,80
2977,80,2,0.025,78
2978,81,6,0.07407407407407407,75
2979,24,1,0.041666666666666664,23
2980,13,4,0.3076923076923077,9
2981,54,2,0.037037037037037035,52
2982,37,1,0.02702702702702703,36
2983,58,0,0.0,58
2984,81,1,0.012345679012345678,80
2985,35,2,0.05714285714285714,33
2986,20,0,0.0,20
2987,50,0,0.0,50
2988,56,3,0.05357142857142857,53
2989,46,0,0.0,46
2990,12,8,0.6666666666666666,4
2991,12,2,0.16666666666666666,10
2992,16,4,0.25,12
2993,65,0,0.0,65
2994,81,0,0.0,81
2995,81,0,0.0,81
2996,30,0,0.0,30
2997,32,1,0.03125,31
2998,22,1,0.045454545454545456,21
2999,43,3,0.06976744186046512,40
3000,30,1,0.03333333333333333,29
3001,45,1,0.022222222222222223,44
3002,72,1,0.013888888888888888,71
3003,20,4,0.2,16
3004,42,1,0.023809523809523808,41
3005,81,1,0.012345679012345678,80
3006,22,0,0.0,22
3007,55,0,0.0,55
3008,48,9,0.1875,39
3009,75,0,0.0,75
3010,15,7,0.4666666666666667,8
3011,41,4,0.0975609756097561,37
3012,43,3,0.06976744186046512,40
3013,47,7,0.14893617021276595,40
3014,17,0,0.0,17
3015,27,6,0.2222222222222222,21
3016,23,2,0.08695652173913043,21
3017,16,1,0.0625,15
3018,24,0,0.0,24
3019,22,2,0.09090909090909091,20
3020,80,18,0.225,62
3021,54,0,0.0,54
3022,53,2,0.03773584905660377,51
3023,80,0,0.0,80
3024,29,2,0.06896551724137931,27
3025,78,2,0.02564102564102564,76
3026,37,7,0.1891891891891892,30
3027,27,2,0.07407407407407407,25
3028,10,4,0.4,6
3029,70,1,0.014285714285714285,69
3030,26,0,0.0,26
3031,78,3,0.038461538461538464,75
3032,49,2,0.04081632653061224,47
3033,67,67,1.0,0
3034,74,3,0.04054054054054054,71
3035,42,4,0.09523809523809523,38
3036,30,0,0.0,30
3037,40,2,0.05,38
3038,61,0,0.0,61
3039,11,0,0.0,11
3040,29,7,0.2413793103448276,22
3041,59,3,0.05084745762711865,56
3042,15,0,0.0,15
3043,81,64,0.7901234567901234,17
3044,33,7,0.21212121212121213,26
3045,55,4,0.07272727272727272,51
3046,37,3,0.08108108108108109,34
3047,17,5,0.29411764705882354,12
3048,20,0,0.0,20
3049,35,4,0.11428571428571428,31
3050,27,3,0.1111111111111111,24
3051,65,0,0.0,65
3052,31,1,0.03225806451612903,30
3053,19,0,0.0,19
3054,49,3,0.061224489795918366,46
3055,45,1,0.022222222222222223,44
3056,64,0,0.0,64
3057,40,1,0.025,39
3058,25,3,0.12,22
3059,55,2,0.03636363636363636,53
3060,13,6,0.46153846153846156,7
3061,81,0,0.0,81
3062,4,4,1.0,0
3063,37,2,0.05405405405405406,35
3064,28,3,0.10714285714285714,25
3065,78,0,0.0,78
3066,48,3,0.0625,45
3067,31,6,0.1935483870967742,25
3068,45,6,0.13333333333333333,39
3069,79,1,0.012658227848101266,78
3070,71,2,0.028169014084507043,69
3071,62,1,0.016129032258064516,61
3072,37,4,0.10810810810810811,33
3073,14,5,0.35714285714285715,9
3074,22,2,0.09090909090909091,20
3075,69,1,0.014492753623188406,68
3076,28,0,0.0,28
3077,24,5,0.20833333333333334,19
3078,81,1,0.012345679012345678,80
3079,33,4,0.12121212121212122,29
3080,19,3,0.15789473684210525,16
3081,38,8,0.21052631578947367,30
3082,23,3,0.13043478260869565,20
3083,46,3,0.06521739130434782,43
3084,36,0,0.0,36
3085,14,6,0.42857142857142855,8
3086,9,7,0.7777777777777778,2
3087,29,8,0.27586206896551724,21
3088,40,5,0.125,35
3089,54,0,0.0,54
3090,41,4,0.0975609756097561,37
3091,52,5,0.09615384615384616,47
3092,39,1,0.02564102564102564,38
3093,33,1,0.030303030303030304,32
3094,37,1,0.02702702702702703,36
3095,80,1,0.0125,79
3096,47,2,0.0425531914893617,45
3097,23,4,0.17391304347826086,19
3098,63,3,0.047619047619047616,60
3099,39,5,0.1282051282051282,34
3100,65,1,0.015384615384615385,64
3101,36,4,0.1111111111111111,32
3102,14,0,0.0,14
3103,20,3,0.15,17
3104,13,1,0.07692307692307693,12
3105,74,1,0.013513513513513514,73
3106,17,0,0.0,17
3107,35,3,0.08571428571428572,32
3108,24,2,0.08333333333333333,22
3109,32,0,0.0,32
3110,26,7,0.2692307692307692,19
3111,6,0,0.0,6
3112,24,5,0.20833333333333334,19
3113,14,2,0.14285714285714285,12
3114,77,1,0.012987012987012988,76
3115,14,1,0.07142857142857142,13
3116,20,4,0.2,16
3117,73,0,0.0,73
3118,61,1,0.01639344262295082,60
3119,28,0,0.0,28
3120,70,3,0.04285714285714286,67
3121,78,1,0.01282051282051282,77
3122,34,4,0.11764705882352941,30
3123,13,5,0.38461538461538464,8
3124,11,4,0.36363636363636365,7
3125,32,3,0.09375,29
3126,52,3,0.057692307692307696,49
3127,17,2,0.11764705882352941,15
3128,55,1,0.01818181818181818,54
3129,81,1,0.012345679012345678,80
3130,47,0,0.0,47
3131,45,0,0.0,45
3132,68,4,0.058823529411764705,64
3133,70,1,0.014285714285714285,69
3134,81,0,0.0,81
3135,24,1,0.041666666666666664,23
3136,81,2,0.024691358024691357,79
3137,6,1,0.16666666666666666,5
3138,80,1,0.0125,79
3139,49,2,0.04081632653061224,47
3140,27,4,0.14814814814814814,23
3141,25,5,0.2,20
3142,37,3,0.08108108108108109,34
3143,49,1,0.02040816326530612,48
3144,50,7,0.14,43
3145,20,2,0.1,18
3146,25,1,0.04,24
3147,13,3,0.23076923076923078,10
3148,6,3,0.5,3
3149,81,0,0.0,81
3150,81,1,0.012345679012345678,80
3151,20,5,0.25,15
3152,19,3,0.15789473684210525,16
3153,74,1,0.013513513513513514,73
3154,79,1,0.012658227848101266,78
3155,26,1,0.038461538461538464,25
3156,63,2,0.031746031746031744,61
3157,59,1,0.01694915254237288,58
3158,26,7,0.2692307692307692,19
3159,12,4,0.3333333333333333,8
3160,42,2,0.047619047619047616,40
3161,81,2,0.024691358024691357,79
3162,11,0,0.0,11
3163,37,4,0.10810810810810811,33
3164,31,0,0.0,31
3165,45,3,0.06666666666666667,42
3166,28,1,0.03571428571428571,27
3167,53,2,0.03773584905660377,51
3168,13,0,0.0,13
3169,81,1,0.012345679012345678,80
3170,39,0,0.0,39
3171,34,4,0.11764705882352941,30
3172,70,0,0.0,70
3173,58,0,0.0,58
3174,48,4,0.08333333333333333,44
3175,81,1,0.012345679012345678,80
3176,59,3,0.05084745762711865,56
3177,81,0,0.0,81
3178,43,0,0.0,43
3179,2,0,0.0,2
3180,7,2,0.2857142857142857,5
3181,60,2,0.03333333333333333,58
3182,40,2,0.05,38
3183,74,0,0.0,74
3184,6,1,0.16666666666666666,5
3185,57,2,0.03508771929824561,55
3186,21,3,0.14285714285714285,18
3187,24,1,0.041666666666666664,23
3188,40,6,0.15,34
3189,66,0,0.0,66
3190,81,1,0.012345679012345678,80
3191,26,0,0.0,26
3192,36,2,0.05555555555555555,34
3193,73,2,0.0273972602739726,71
3194,51,2,0.0392156862745098,49
3195,81,0,0.0,81
3196,33,4,0.12121212121212122,29
3197,55,1,0.01818181818181818,54
3198,5,4,0.8,1
3199,81,0,0.0,81
3200,45,7,0.15555555555555556,38
3201,81,3,0.037037037037037035,78
3202,18,8,0.4444444444444444,10
3203,46,6,0.13043478260869565,40
3204,81,0,0.0,81
3205,70,1,0.014285714285714285,69
3206,48,4,0.08333333333333333,44
3207,70,1,0.014285714285714285,69
3208,50,3,0.06,47
3209,1,0,0.0,1
3210,27,0,0.0,27
3211,59,1,0.01694915254237288,58
3212,16,3,0.1875,13
3213,31,0,0.0,31
3214,55,4,0.07272727272727272,51
3215,47,2,0.0425531914893617,45
3216,81,1,0.012345679012345678,80
3217,8,3,0.375,5
3218,11,2,0.18181818181818182,9
3219,76,1,0.013157894736842105,75
3220,5,1,0.2,4
3221,60,4,0.06666666666666667,56
3222,79,1,0.012658227848101266,78
3223,81,3,0.037037037037037035,78
3224,20,2,0.1,18
3225,12,1,0.08333333333333333,11
3226,47,1,0.02127659574468085,46
3227,49,0,0.0,49
3228,13,5,0.38461538461538464,8
3229,38,1,0.02631578947368421,37
3230,32,6,0.1875,26
3231,81,0,0.0,81
3232,6,1,0.16666666666666666,5
3233,79,0,0.0,79
3234,12,2,0.16666666666666666,10
3235,25,5,0.2,20
3236,81,1,0.012345679012345678,80
3237,70,0,0.0,70
3238,34,6,0.17647058823529413,28
3239,81,0,0.0,81
3240,81,0,0.0,81
3241,40,6,0.15,34
3242,22,3,0.13636363636363635,19
3243,33,2,0.06060606060606061,31
3244,80,1,0.0125,79
3245,13,3,0.23076923076923078,10
3246,9,1,0.1111111111111111,8
3247,39,3,0.07692307692307693,36
3248,51,4,0.0784313725490196,47
3249,24,0,0.0,24
3250,58,1,0.017241379310344827,57
3251,70,0,0.0,70
3252,23,2,0.08695652173913043,21
3253,65,2,0.03076923076923077,63
3254,74,0,0.0,74
3255,81,80,0.9876543209876543,1
3256,81,0,0.0,81
3257,49,2,0.04081632653061224,47
3258,57,1,0.017543859649122806,56
3259,81,0,0.0,81
3260,41,6,0.14634146341463414,35
3261,37,5,0.13513513513513514,32
3262,76,1,0.013157894736842105,75
3263,70,1,0.014285714285714285,69
3264,53,0,0.0,53
3265,81,0,0.0,81
3266,11,3,0.2727272727272727,8
3267,17,3,0.17647058823529413,14
3268,49,3,0.061224489795918366,46
3269,68,3,0.04411764705882353,65
3270,30,3,0.1,27
3271,76,2,0.02631578947368421,74
3272,64,0,0.0,64
3273,4,1,0.25,3
3274,11,4,0.36363636363636365,7
3275,36,1,0.027777777777777776,35
3276,38,3,0.07894736842105263,35
3277,53,1,0.018867924528301886,52
3278,74,0,0.0,74
3279,54,2,0.037037037037037035,52
3280,58,5,0.08620689655172414,53
3281,39,0,0.0,39
3282,40,13,0.325,27
3283,53,1,0.018867924528301886,52
3284,39,15,0.38461538461538464,24
3285,27,1,0.037037037037037035,26
3286,21,0,0.0,21
3287,61,3,0.04918032786885246,58
3288,31,6,0.1935483870967742,25
3289,35,0,0.0,35
3290,24,5,0.20833333333333334,19
3291,35,5,0.14285714285714285,30
3292,21,1,0.047619047619047616,20
3293,54,1,0.018518518518518517,53
3294,73,1,0.0136986301369863,72
3295,41,3,0.07317073170731707,38
3296,81,1,0.012345679012345678,80
3297,58,6,0.10344827586206896,52
3298,31,5,0.16129032258064516,26
3299,11,3,0.2727272727272727,8
3300,58,1,0.017241379310344827,57
3301,80,8,0.1,72
3302,35,4,0.11428571428571428,31
3303,81,2,0.024691358024691357,79
3304,81,0,0.0,81
3305,81,1,0.012345679012345678,80
3306,24,3,0.125,21
3307,20,3,0.15,17
3308,17,5,0.29411764705882354,12
3309,77,0,0.0,77
3310,51,0,0.0,51
3311,81,0,0.0,81
3312,17,1,0.058823529411764705,16
3313,8,3,0.375,5
3314,29,4,0.13793103448275862,25
3315,80,0,0.0,80
3316,35,1,0.02857142857142857,34
3317,81,0,0.0,81
3318,81,1,0.012345679012345678,80
3319,39,0,0.0,39
3320,20,7,0.35,13
3321,20,1,0.05,19
3322,80,1,0.0125,79
3323,55,4,0.07272727272727272,51
3324,18,3,0.16666666666666666,15
3325,19,5,0.2631578947368421,14
3326,60,1,0.016666666666666666,59
3327,18,2,0.1111111111111111,16
3328,27,3,0.1111111111111111,24
3329,31,1,0.03225806451612903,30
3330,48,2,0.041666666666666664,46
3331,70,0,0.0,70
3332,80,0,0.0,80
3333,66,2,0.030303030303030304,64
3334,32,1,0.03125,31
3335,38,1,0.02631578947368421,37
3336,68,3,0.04411764705882353,65
3337,19,6,0.3157894736842105,13
3338,27,4,0.14814814814814814,23
3339,38,6,0.15789473684210525,32
3340,15,4,0.26666666666666666,11
3341,20,0,0.0,20
3342,24,1,0.041666666666666664,23
3343,26,4,0.15384615384615385,22
3344,81,0,0.0,81
3345,72,2,0.027777777777777776,70
3346,43,6,0.13953488372093023,37
3347,10,1,0.1,9
3348,49,0,0.0,49
3349,81,0,0.0,81
3350,22,1,0.045454545454545456,21
3351,81,0,0.0,81
3352,60,1,0.016666666666666666,59
3353,81,0,0.0,81
3354,70,8,0.11428571428571428,62
3355,22,8,0.36363636363636365,14
3356,39,2,0.05128205128205128,37
3357,61,1,0.01639344262295082,60
3358,19,3,0.15789473684210525,16
3359,24,3,0.125,21
3360,53,1,0.018867924528301886,52
3361,37,1,0.02702702702702703,36
3362,81,2,0.024691358024691357,79
3363,35,3,0.08571428571428572,32
3364,74,3,0.04054054054054054,71
3365,10,0,0.0,10
3366,15,4,0.26666666666666666,11
3367,81,0,0.0,81
3368,25,12,0.48,13
3369,17,4,0.23529411764705882,13
3370,54,1,0.018518518518518517,53
3371,43,3,0.06976744186046512,40
3372,53,3,0.05660377358490566,50
3373,37,3,0.08108108108108109,34
3374,81,1,0.012345679012345678,80
3375,17,8,0.47058823529411764,9
3376,81,6,0.07407407407407407,75
3377,11,7,0.6363636363636364,4
3378,19,5,0.2631578947368421,14
3379,48,4,0.08333333333333333,44
3380,81,1,0.012345679012345678,80
3381,37,0,0.0,37
3382,31,4,0.12903225806451613,27
3383,38,2,0.05263157894736842,36
3384,71,1,0.014084507042253521,70
3385,11,6,0.5454545454545454,5
3386,81,0,0.0,81
3387,72,0,0.0,72
3388,2,0,0.0,2
3389,64,0,0.0,64
3390,78,1,0.01282051282051282,77
3391,68,0,0.0,68
3392,60,2,0.03333333333333333,58
3393,17,5,0.29411764705882354,12
3394,21,7,0.3333333333333333,14
3395,46,4,0.08695652173913043,42
3396,80,0,0.0,80
3397,79,0,0.0,79
3398,81,0,0.0,81
3399,48,7,0.14583333333333334,41
3400,81,0,0.0,81
3401,12,1,0.08333333333333333,11
3402,79,0,0.0,79
3403,27,3,0.1111111111111111,24
3404,31,3,0.0967741935483871,28
3405,80,1,0.0125,79
3406,17,2,0.11764705882352941,15
3407,81,0,0.0,81
3408,60,2,0.03333333333333333,58
3409,23,4,0.17391304347826086,19
3410,41,8,0.1951219512195122,33
3411,17,4,0.23529411764705882,13
3412,60,1,0.016666666666666666,59
3413,66,1,0.015151515151515152,65
3414,13,0,0.0,13
3415,29,7,0.2413793103448276,22
3416,33,4,0.12121212121212122,29
3417,11,2,0.18181818181818182,9
3418,19,4,0.21052631578947367,15
3419,14,5,0.35714285714285715,9
3420,75,1,0.013333333333333334,74
3421,53,1,0.018867924528301886,52
3422,65,3,0.046153846153846156,62
3423,36,5,0.1388888888888889,31
3424,66,1,0.015151515151515152,65
3425,17,6,0.35294117647058826,11
3426,44,2,0.045454545454545456,42
3427,55,1,0.01818181818181818,54
3428,65,2,0.03076923076923077,63
3429,29,7,0.2413793103448276,22
3430,78,4,0.05128205128205128,74
3431,55,8,0.14545454545454545,47
3432,79,0,0.0,79
3433,20,6,0.3,14
3434,31,5,0.16129032258064516,26
3435,32,4,0.125,28
3436,31,0,0.0,31
3437,57,0,0.0,57
3438,33,7,0.21212121212121213,26
3439,25,0,0.0,25
3440,81,1,0.012345679012345678,80
3441,81,0,0.0,81
3442,54,3,0.05555555555555555,51
3443,62,2,0.03225806451612903,60
3444,17,5,0.29411764705882354,12
3445,68,0,0.0,68
3446,79,1,0.012658227848101266,78
3447,32,4,0.125,28
3448,6,2,0.3333333333333333,4
3449,36,17,0.4722222222222222,19
3450,19,3,0.15789473684210525,16
3451,25,3,0.12,22
3452,81,1,0.012345679012345678,80
3453,79,1,0.012658227848101266,78
3454,26,1,0.038461538461538464,25
3455,67,0,0.0,67
3456,17,8,0.47058823529411764,9
3457,80,3,0.0375,77
3458,21,6,0.2857142857142857,15
3459,35,0,0.0,35
3460,81,1,0.012345679012345678,80
3461,10,4,0.4,6
3462,81,0,0.0,81
3463,66,3,0.045454545454545456,63
3464,81,0,0.0,81
3465,31,6,0.1935483870967742,25
3466,26,4,0.15384615384615385,22
3467,80,1,0.0125,79
3468,81,0,0.0,81
3469,81,1,0.012345679012345678,80
3470,67,6,0.08955223880597014,61
3471,62,1,0.016129032258064516,61
3472,12,4,0.3333333333333333,8
3473,13,7,0.5384615384615384,6
3474,35,2,0.05714285714285714,33
3475,41,7,0.17073170731707318,34
3476,69,3,0.043478260869565216,66
3477,79,1,0.012658227848101266,78
3478,81,0,0.0,81
3479,81,0,0.0,81
3480,25,5,0.2,20
3481,16,1,0.0625,15
3482,81,81,1.0,0
3483,27,1,0.037037037037037035,26
3484,60,1,0.016666666666666666,59
3485,81,1,0.012345679012345678,80
3486,81,0,0.0,81
3487,42,0,0.0,42
3488,45,1,0.022222222222222223,44
3489,33,4,0.12121212121212122,29
3490,81,8,0.09876543209876543,73
3491,20,5,0.25,15
3492,29,0,0.0,29
3493,59,1,0.01694915254237288,58
3494,70,0,0.0,70
3495,40,5,0.125,35
3496,62,0,0.0,62
3497,58,1,0.017241379310344827,57
3498,51,1,0.0196078431372549,50
3499,79,0,0.0,79
3500,81,0,0.0,81
3501,74,0,0.0,74
3502,50,13,0.26,37
3503,43,4,0.09302325581395349,39
3504,46,2,0.043478260869565216,44
3505,34,1,0.029411764705882353,33
3506,12,2,0.16666666666666666,10
3507,43,2,0.046511627906976744,41
3508,61,3,0.04918032786885246,58
3509,45,0,0.0,45
3510,81,1,0.012345679012345678,80
3511,45,2,0.044444444444444446,43
3512,80,0,0.0,80
3513,49,1,0.02040816326530612,48
3514,49,2,0.04081632653061224,47
3515,28,3,0.10714285714285714,25
3516,38,2,0.05263157894736842,36
3517,19,0,0.0,19
3518,80,1,0.0125,79
3519,81,0,0.0,81
3520,49,1,0.02040816326530612,48
3521,59,1,0.01694915254237288,58
3522,70,0,0.0,70
3523,45,0,0.0,45
3524,41,8,0.1951219512195122,33
3525,81,18,0.2222222222222222,63
3526,25,0,0.0,25
3527,81,1,0.012345679012345678,80
3528,23,0,0.0,23
3529,19,2,0.10526315789473684,17
3530,70,0,0.0,70
3531,30,4,0.13333333333333333,26
3532,43,3,0.06976744186046512,40
3533,21,7,0.3333333333333333,14
3534,36,7,0.19444444444444445,29
3535,49,1,0.02040816326530612,48
3536,81,0,0.0,81
3537,74,1,0.013513513513513514,73
3538,34,3,0.08823529411764706,31
3539,58,2,0.034482758620689655,56
3540,70,1,0.014285714285714285,69
3541,48,2,0.041666666666666664,46
3542,17,3,0.17647058823529413,14
3543,5,5,1.0,0
3544,37,1,0.02702702702702703,36
3545,45,4,0.08888888888888889,41
3546,34,2,0.058823529411764705,32
3547,50,1,0.02,49
3548,80,0,0.0,80
3549,48,0,0.0,48
3550,68,2,0.029411764705882353,66
3551,69,0,0.0,69
3552,13,2,0.15384615384615385,11
3553,19,19,1.0,0
3554,76,0,0.0,76
3555,15,3,0.2,12
3556,49,3,0.061224489795918366,46
3557,81,1,0.012345679012345678,80
3558,81,0,0.0,81
3559,75,0,0.0,75
3560,29,1,0.034482758620689655,28
3561,7,7,1.0,0
3562,77,1,0.012987012987012988,76
3563,40,0,0.0,40
3564,19,4,0.21052631578947367,15
3565,81,0,0.0,81
3566,50,3,0.06,47
3567,73,5,0.0684931506849315,68
3568,41,3,0.07317073170731707,38
3569,31,0,0.0,31
3570,8,2,0.25,6
3571,48,6,0.125,42
3572,5,0,0.0,5
3573,41,4,0.0975609756097561,37
3574,78,2,0.02564102564102564,76
3575,81,0,0.0,81
3576,72,1,0.013888888888888888,71
3577,38,2,0.05263157894736842,36
3578,25,6,0.24,19
3579,47,1,0.02127659574468085,46
3580,81,1,0.012345679012345678,80
3581,61,4,0.06557377049180328,57
3582,35,8,0.22857142857142856,27
3583,34,8,0.23529411764705882,26
3584,53,1,0.018867924528301886,52
3585,42,2,0.047619047619047616,40
3586,56,4,0.07142857142857142,52
3587,35,6,0.17142857142857143,29
3588,58,1,0.017241379310344827,57
3589,37,1,0.02702702702702703,36
3590,47,0,0.0,47
3591,37,2,0.05405405405405406,35
3592,20,7,0.35,13
3593,14,4,0.2857142857142857,10
3594,34,2,0.058823529411764705,32
3595,32,7,0.21875,25
3596,58,1,0.017241379310344827,57
3597,31,1,0.03225806451612903,30
3598,28,3,0.10714285714285714,25
3599,81,0,0.0,81
3600,81,0,0.0,81
3601,37,4,0.10810810810810811,33
3602,11,1,0.09090909090909091,10
3603,7,2,0.2857142857142857,5
3604,60,5,0.08333333333333333,55
3605,37,4,0.10810810810810811,33
3606,69,1,0.014492753623188406,68
3607,37,3,0.08108108108108109,34
3608,41,2,0.04878048780487805,39
3609,41,5,0.12195121951219512,36
3610,81,0,0.0,81
3611,19,0,0.0,19
3612,47,3,0.06382978723404255,44
3613,29,0,0.0,29
3614,59,2,0.03389830508474576,57
3615,79,0,0.0,79
3616,32,4,0.125,28
3617,67,0,0.0,67
3618,34,0,0.0,34
3619,8,3,0.375,5
3620,33,8,0.24242424242424243,25
3621,81,0,0.0,81
3622,21,0,0.0,21
3623,81,7,0.08641975308641975,74
3624,64,5,0.078125,59
3625,60,5,0.08333333333333333,55
3626,79,0,0.0,79
3627,17,3,0.17647058823529413,14
3628,41,0,0.0,41
3629,46,5,0.10869565217391304,41
3630,24,3,0.125,21
3631,14,3,0.21428571428571427,11
3632,74,1,0.013513513513513514,73
3633,81,0,0.0,81
3634,2,0,0.0,2
3635,69,0,0.0,69
3636,81,0,0.0,81
3637,59,3,0.05084745762711865,56
3638,81,0,0.0,81
3639,81,1,0.012345679012345678,80
3640,25,1,0.04,24
3641,34,0,0.0,34
3642,23,2,0.08695652173913043,21
3643,66,2,0.030303030303030304,64
3644,70,0,0.0,70
3645,59,57,0.9661016949152542,2
3646,32,1,0.03125,31
3647,19,5,0.2631578947368421,14
3648,25,6,0.24,19
3649,73,2,0.0273972602739726,71
3650,77,0,0.0,77
3651,79,3,0.0379746835443038,76
3652,49,4,0.08163265306122448,45
3653,72,1,0.013888888888888888,71
3654,46,6,0.13043478260869565,40
3655,70,0,0.0,70
3656,32,4,0.125,28
3657,76,0,0.0,76
3658,38,2,0.05263157894736842,36
3659,81,1,0.012345679012345678,80
3660,17,6,0.35294117647058826,11
3661,45,3,0.06666666666666667,42
3662,45,1,0.022222222222222223,44
3663,80,0,0.0,80
3664,46,2,0.043478260869565216,44
3665,74,5,0.06756756756756757,69
3666,80,0,0.0,80
3667,75,0,0.0,75
3668,31,0,0.0,31
3669,81,0,0.0,81
3670,16,2,0.125,14
3671,15,0,0.0,15
3672,77,1,0.012987012987012988,76
3673,81,0,0.0,81
3674,28,2,0.07142857142857142,26
3675,7,1,0.14285714285714285,6
3676,23,5,0.21739130434782608,18
3677,16,8,0.5,8
3678,47,5,0.10638297872340426,42
3679,21,1,0.047619047619047616,20
3680,81,0,0.0,81
3681,39,4,0.10256410256410256,35
3682,55,1,0.01818181818181818,54
3683,76,1,0.013157894736842105,75
3684,41,11,0.2682926829268293,30
3685,8,2,0.25,6
3686,79,1,0.012658227848101266,78
3687,51,3,0.058823529411764705,48
3688,22,4,0.18181818181818182,18
3689,45,3,0.06666666666666667,42
3690,67,3,0.04477611940298507,64
3691,50,10,0.2,40
3692,46,5,0.10869565217391304,41
3693,66,0,0.0,66
3694,11,7,0.6363636363636364,4
3695,44,5,0.11363636363636363,39
3696,52,2,0.038461538461538464,50
3697,37,6,0.16216216216216217,31
3698,43,1,0.023255813953488372,42
3699,78,15,0.19230769230769232,63
3700,59,0,0.0,59
3701,39,0,0.0,39
3702,61,4,0.06557377049180328,57
3703,56,0,0.0,56
3704,66,0,0.0,66
3705,24,1,0.041666666666666664,23
3706,65,1,0.015384615384615385,64
3707,47,1,0.02127659574468085,46
3708,5,4,0.8,1
3709,78,0,0.0,78
3710,47,7,0.14893617021276595,40
3711,81,0,0.0,81
3712,3,2,0.6666666666666666,1
3713,50,1,0.02,49
3714,81,1,0.012345679012345678,80
3715,19,0,0.0,19
3716,22,1,0.045454545454545456,21
3717,58,2,0.034482758620689655,56
3718,62,0,0.0,62
3719,21,5,0.23809523809523808,16
3720,35,2,0.05714285714285714,33
3721,51,0,0.0,51
3722,26,6,0.23076923076923078,20
3723,20,1,0.05,19
3724,28,2,0.07142857142857142,26
3725,31,5,0.16129032258064516,26
3726,35,8,0.22857142857142856,27
3727,22,1,0.045454545454545456,21
3728,57,1,0.017543859649122806,56
3729,65,0,0.0,65
3730,46,5,0.10869565217391304,41
3731,78,7,0.08974358974358974,71
3732,75,1,0.013333333333333334,74
3733,65,1,0.015384615384615385,64
3734,26,3,0.11538461538461539,23
3735,27,9,0.3333333333333333,18
3736,51,1,0.0196078431372549,50
3737,66,0,0.0,66
3738,43,1,0.023255813953488372,42
3739,14,1,0.07142857142857142,13
3740,34,4,0.11764705882352941,30
3741,57,0,0.0,57
3742,33,5,0.15151515151515152,28
3743,6,0,0.0,6
3744,81,0,0.0,81
3745,33,5,0.15151515151515152,28
3746,24,0,0.0,24
3747,21,1,0.047619047619047616,20
3748,18,1,0.05555555555555555,17
3749,35,0,0.0,35
3750,36,2,0.05555555555555555,34
3751,73,0,0.0,73
3752,81,0,0.0,81
3753,81,0,0.0,81
3754,55,2,0.03636363636363636,53
3755,81,0,0.0,81
3756,76,1,0.013157894736842105,75
3757,17,0,0.0,17
3758,10,0,0.0,10
3759,76,5,0.06578947368421052,71
3760,56,2,0.03571428571428571,54
3761,67,6,0.08955223880597014,61
3762,74,0,0.0,74
3763,68,1,0.014705882352941176,67
3764,51,4,0.0784313725490196,47
3765,15,0,0.0,15
3766,49,0,0.0,49
3767,17,6,0.35294117647058826,11
3768,14,8,0.5714285714285714,6
3769,44,2,0.045454545454545456,42
3770,23,1,0.043478260869565216,22
3771,81,35,0.43209876543209874,46
3772,64,1,0.015625,63
3773,81,1,0.012345679012345678,80
3774,59,2,0.03389830508474576,57
3775,47,3,0.06382978723404255,44
3776,57,2,0.03508771929824561,55
3777,81,4,0.04938271604938271,77
3778,20,7,0.35,13
3779,81,1,0.012345679012345678,80
3780,34,4,0.11764705882352941,30
3781,81,0,0.0,81
3782,35,1,0.02857142857142857,34
3783,25,4,0.16,21
3784,81,0,0.0,81
3785,80,0,0.0,80
3786,65,0,0.0,65
3787,23,0,0.0,23
3788,29,2,0.06896551724137931,27
3789,49,2,0.04081632653061224,47
3790,35,1,0.02857142857142857,34
3791,67,0,0.0,67
3792,11,1,0.09090909090909091,10
3793,38,4,0.10526315789473684,34
3794,79,0,0.0,79
3795,59,0,0.0,59
3796,55,0,0.0,55
3797,36,1,0.027777777777777776,35
3798,81,0,0.0,81
3799,81,0,0.0,81
3800,74,0,0.0,74
3801,14,1,0.07142857142857142,13
3802,71,0,0.0,71
3803,63,2,0.031746031746031744,61
3804,28,4,0.14285714285714285,24
3805,28,4,0.14285714285714285,24
3806,57,1,0.017543859649122806,56
3807,34,1,0.029411764705882353,33
3808,54,1,0.018518518518518517,53
3809,40,5,0.125,35
3810,10,1,0.1,9
3811,16,10,0.625,6
3812,50,2,0.04,48
3813,48,4,0.08333333333333333,44
3814,43,1,0.023255813953488372,42
3815,75,0,0.0,75
3816,8,7,0.875,1
3817,30,3,0.1,27
3818,79,1,0.012658227848101266,78
3819,80,1,0.0125,79
3820,31,6,0.1935483870967742,25
3821,66,0,0.0,66
3822,62,1,0.016129032258064516,61
3823,57,0,0.0,57
3824,44,1,0.022727272727272728,43
3825,25,1,0.04,24
3826,81,0,0.0,81
3827,53,0,0.0,53
3828,32,4,0.125,28
3829,81,0,0.0,81
3830,79,1,0.012658227848101266,78
3831,24,2,0.08333333333333333,22
3832,25,2,0.08,23
3833,13,1,0.07692307692307693,12
3834,28,0,0.0,28
3835,30,8,0.26666666666666666,22
3836,34,5,0.14705882352941177,29
3837,9,0,0.0,9
3838,81,1,0.012345679012345678,80
3839,22,2,0.09090909090909091,20
3840,66,0,0.0,66
3841,30,8,0.26666666666666666,22
3842,23,5,0.21739130434782608,18
3843,47,7,0.14893617021276595,40
3844,11,7,0.6363636363636364,4
3845,54,4,0.07407407407407407,50
3846,53,0,0.0,53
3847,71,1,0.014084507042253521,70
3848,27,0,0.0,27
3849,43,2,0.046511627906976744,41
3850,68,2,0.029411764705882353,66
3851,74,1,0.013513513513513514,73
3852,42,4,0.09523809523809523,38
3853,31,4,0.12903225806451613,27
3854,27,4,0.14814814814814814,23
3855,45,7,0.15555555555555556,38
3856,58,1,0.017241379310344827,57
3857,53,7,0.1320754716981132,46
3858,18,0,0.0,18
3859,46,3,0.06521739130434782,43
3860,36,4,0.1111111111111111,32
3861,70,0,0.0,70
3862,60,1,0.016666666666666666,59
3863,51,1,0.0196078431372549,50
3864,37,7,0.1891891891891892,30
3865,30,3,0.1,27
3866,41,4,0.0975609756097561,37
3867,81,0,0.0,81
3868,81,2,0.024691358024691357,79
3869,46,0,0.0,46
3870,26,5,0.19230769230769232,21
3871,68,3,0.04411764705882353,65
3872,42,1,0.023809523809523808,41
3873,54,1,0.018518518518518517,53
3874,45,3,0.06666666666666667,42
3875,74,0,0.0,74
3876,62,2,0.03225806451612903,60
3877,73,0,0.0,73
3878,80,1,0.0125,79
3879,44,5,0.11363636363636363,39
3880,26,2,0.07692307692307693,24
3881,22,7,0.3181818181818182,15
3882,10,5,0.5,5
3883,11,5,0.45454545454545453,6
3884,13,6,0.46153846153846156,7
3885,16,2,0.125,14
3886,51,0,0.0,51
3887,30,1,0.03333333333333333,29
3888,17,3,0.17647058823529413,14
3889,8,7,0.875,1
3890,58,0,0.0,58
3891,39,3,0.07692307692307693,36
3892,67,1,0.014925373134328358,66
3893,81,0,0.0,81
3894,81,0,0.0,81
3895,51,1,0.0196078431372549,50
3896,39,3,0.07692307692307693,36
3897,41,2,0.04878048780487805,39
3898,31,3,0.0967741935483871,28
3899,33,0,0.0,33
3900,38,4,0.10526315789473684,34
3901,74,2,0.02702702702702703,72
3902,19,0,0.0,19
3903,51,4,0.0784313725490196,47
3904,23,2,0.08695652173913043,21
3905,81,0,0.0,81
3906,25,2,0.08,23
3907,25,2,0.08,23
3908,37,0,0.0,37
3909,77,1,0.012987012987012988,76
3910,74,1,0.013513513513513514,73
3911,81,4,0.04938271604938271,77
3912,81,1,0.012345679012345678,80
3913,38,1,0.02631578947368421,37
3914,32,26,0.8125,6
3915,25,3,0.12,22
3916,29,6,0.20689655172413793,23
3917,9,5,0.5555555555555556,4
3918,68,3,0.04411764705882353,65
3919,15,0,0.0,15
3920,3,0,0.0,3
3921,79,0,0.0,79
3922,49,0,0.0,49
3923,34,7,0.20588235294117646,27
3924,30,4,0.13333333333333333,26
3925,4,0,0.0,4
3926,46,0,0.0,46
3927,72,5,0.06944444444444445,67
3928,79,0,0.0,79
3929,9,0,0.0,9
3930,9,0,0.0,9
3931,75,1,0.013333333333333334,74
3932,70,7,0.1,63
3933,12,0,0.0,12
3934,64,1,0.015625,63
3935,5,1,0.2,4
3936,80,1,0.0125,79
3937,4,4,1.0,0
3938,36,4,0.1111111111111111,32
3939,53,2,0.03773584905660377,51
3940,49,0,0.0,49
3941,34,0,0.0,34
3942,52,3,0.057692307692307696,49
3943,42,0,0.0,42
3944,63,2,0.031746031746031744,61
3945,81,0,0.0,81
3946,75,1,0.013333333333333334,74
3947,13,1,0.07692307692307693,12
3948,66,1,0.015151515151515152,65
3949,18,0,0.0,18
3950,21,7,0.3333333333333333,14
3951,81,0,0.0,81
3952,47,2,0.0425531914893617,45
3953,66,3,0.045454545454545456,63
3954,75,0,0.0,75
3955,13,5,0.38461538461538464,8
3956,13,1,0.07692307692307693,12
3957,37,4,0.10810810810810811,33
3958,58,2,0.034482758620689655,56
3959,38,5,0.13157894736842105,33
3960,18,1,0.05555555555555555,17
3961,22,5,0.22727272727272727,17
3962,30,2,0.06666666666666667,28
3963,35,3,0.08571428571428572,32
3964,26,0,0.0,26
3965,53,3,0.05660377358490566,50
3966,10,5,0.5,5
3967,67,0,0.0,67
3968,10,5,0.5,5
3969,25,4,0.16,21
3970,80,0,0.0,80
3971,80,0,0.0,80
3972,3,0,0.0,3
3973,73,0,0.0,73
3974,11,1,0.09090909090909091,10
3975,8,1,0.125,7
3976,6,0,0.0,6
3977,15,6,0.4,9
3978,65,1,0.015384615384615385,64
3979,81,1,0.012345679012345678,80
3980,6,4,0.6666666666666666,2
3981,31,1,0.03225806451612903,30
3982,53,4,0.07547169811320754,49
3983,36,3,0.08333333333333333,33
3984,44,1,0.022727272727272728,43
3985,22,8,0.36363636363636365,14
3986,81,0,0.0,81
3987,81,0,0.0,81
3988,38,2,0.05263157894736842,36
3989,22,3,0.13636363636363635,19
3990,52,2,0.038461538461538464,50
3991,77,3,0.03896103896103896,74
3992,25,7,0.28,18
3993,63,2,0.031746031746031744,61
3994,81,0,0.0,81
3995,9,3,0.3333333333333333,6
3996,12,5,0.4166666666666667,7
3997,34,5,0.14705882352941177,29
3998,40,3,0.075,37
3999,70,3,0.04285714285714286,67
4000,9,0,0.0,9
4001,28,0,0.0,28
4002,22,6,0.2727272727272727,16
4003,50,2,0.04,48
4004,45,1,0.022222222222222223,44
4005,79,0,0.0,79
4006,80,0,0.0,80
4007,54,2,0.037037037037037035,52
4008,40,8,0.2,32
4009,17,4,0.23529411764705882,13
4010,65,2,0.03076923076923077,63
4011,44,1,0.022727272727272728,43
4012,10,0,0.0,10
4013,17,1,0.058823529411764705,16
4014,55,6,0.10909090909090909,49
4015,68,5,0.07352941176470588,63
4016,27,4,0.14814814814814814,23
4017,49,7,0.14285714285714285,42
4018,81,0,0.0,81
4019,81,0,0.0,81
4020,11,1,0.09090909090909091,10
4021,14,2,0.14285714285714285,12
4022,32,3,0.09375,29
4023,14,4,0.2857142857142857,10
4024,22,3,0.13636363636363635,19
4025,28,15,0.5357142857142857,13
4026,27,1,0.037037037037037035,26
4027,18,1,0.05555555555555555,17
4028,81,1,0.012345679012345678,80
4029,32,0,0.0,32
4030,21,5,0.23809523809523808,16
4031,23,3,0.13043478260869565,20
4032,44,5,0.11363636363636363,39
4033,43,3,0.06976744186046512,40
4034,37,5,0.13513513513513514,32
4035,18,3,0.16666666666666666,15
4036,16,0,0.0,16
4037,33,2,0.06060606060606061,31
4038,81,0,0.0,81
4039,41,0,0.0,41
4040,24,3,0.125,21
4041,21,1,0.047619047619047616,20
4042,4,0,0.0,4
4043,37,0,0.0,37
4044,34,3,0.08823529411764706,31
4045,56,1,0.017857142857142856,55
4046,12,3,0.25,9
4047,16,2,0.125,14
4048,13,2,0.15384615384615385,11
4049,62,0,0.0,62
4050,10,0,0.0,10
4051,15,4,0.26666666666666666,11
4052,33,0,0.0,33
4053,27,5,0.18518518518518517,22
4054,10,2,0.2,8
4055,12,5,0.4166666666666667,7
4056,71,1,0.014084507042253521,70
4057,5,2,0.4,3
4058,63,1,0.015873015873015872,62
4059,42,3,0.07142857142857142,39
4060,11,5,0.45454545454545453,6
4061,45,1,0.022222222222222223,44
4062,81,1,0.012345679012345678,80
4063,14,0,0.0,14
4064,18,1,0.05555555555555555,17
4065,21,4,0.19047619047619047,17
4066,12,4,0.3333333333333333,8
4067,61,0,0.0,61
4068,59,0,0.0,59
4069,75,0,0.0,75
4070,80,0,0.0,80
4071,80,7,0.0875,73
4072,30,0,0.0,30
4073,77,0,0.0,77
4074,42,3,0.07142857142857142,39
4075,81,0,0.0,81
4076,71,1,0.014084507042253521,70
4077,73,2,0.0273972602739726,71
4078,15,3,0.2,12
4079,16,2,0.125,14
4080,46,2,0.043478260869565216,44
4081,71,1,0.014084507042253521,70
4082,55,0,0.0,55
4083,39,1,0.02564102564102564,38
4084,71,0,0.0,71
4085,48,0,0.0,48
4086,9,2,0.2222222222222222,7
4087,78,5,0.0641025641025641,73
4088,64,0,0.0,64
4089,81,1,0.012345679012345678,80
4090,24,3,0.125,21
4091,9,0,0.0,9
4092,64,1,0.015625,63
4093,24,5,0.20833333333333334,19
4094,33,2,0.06060606060606061,31
4095,7,4,0.5714285714285714,3
4096,62,0,0.0,62
4097,62,1,0.016129032258064516,61
4098,55,1,0.01818181818181818,54
4099,81,1,0.012345679012345678,80
4100,15,4,0.26666666666666666,11
4101,51,5,0.09803921568627451,46
4102,32,4,0.125,28
4103,61,1,0.01639344262295082,60
4104,70,0,0.0,70
4105,48,4,0.08333333333333333,44
4106,35,5,0.14285714285714285,30
4107,51,1,0.0196078431372549,50
4108,63,8,0.12698412698412698,55
4109,22,7,0.3181818181818182,15
4110,49,3,0.061224489795918366,46
4111,70,1,0.014285714285714285,69
4112,37,4,0.10810810810810811,33
4113,6,0,0.0,6
4114,18,0,0.0,18
4115,47,1,0.02127659574468085,46
4116,21,8,0.38095238095238093,13
4117,34,2,0.058823529411764705,32
4118,52,2,0.038461538461538464,50
4119,53,1,0.018867924528301886,52
4120,43,3,0.06976744186046512,40
4121,39,4,0.10256410256410256,35
4122,21,3,0.14285714285714285,18
4123,56,0,0.0,56
4124,75,2,0.02666666666666667,73
4125,62,1,0.016129032258064516,61
4126,19,0,0.0,19
4127,24,1,0.041666666666666664,23
4128,80,0,0.0,80
4129,29,0,0.0,29
4130,41,5,0.12195121951219512,36
4131,44,3,0.06818181818181818,41
4132,17,2,0.11764705882352941,15
4133,31,2,0.06451612903225806,29
4134,4,1,0.25,3
4135,65,6,0.09230769230769231,59
4136,36,2,0.05555555555555555,34
4137,43,2,0.046511627906976744,41
4138,18,3,0.16666666666666666,15
4139,26,1,0.038461538461538464,25
4140,67,1,0.014925373134328358,66
4141,30,0,0.0,30
4142,20,7,0.35,13
4143,75,0,0.0,75
4144,50,5,0.1,45
4145,39,3,0.07692307692307693,36
4146,37,1,0.02702702702702703,36
4147,5,5,1.0,0
4148,13,3,0.23076923076923078,10
4149,22,2,0.09090909090909091,20
4150,46,2,0.043478260869565216,44
4151,17,0,0.0,17
4152,44,5,0.11363636363636363,39
4153,25,3,0.12,22
4154,81,0,0.0,81
4155,19,0,0.0,19
4156,41,6,0.14634146341463414,35
4157,47,1,0.02127659574468085,46
4158,6,0,0.0,6
4159,42,1,0.023809523809523808,41
4160,38,2,0.05263157894736842,36
4161,81,0,0.0,81
4162,27,5,0.18518518518518517,22
4163,68,5,0.07352941176470588,63
4164,81,1,0.012345679012345678,80
4165,80,1,0.0125,79
4166,31,7,0.22580645161290322,24
4167,23,4,0.17391304347826086,19
4168,80,1,0.0125,79
4169,63,1,0.015873015873015872,62
4170,73,1,0.0136986301369863,72
4171,80,2,0.025,78
4172,30,5,0.16666666666666666,25
4173,52,8,0.15384615384615385,44
4174,39,2,0.05128205128205128,37
4175,24,0,0.0,24
4176,79,1,0.012658227848101266,78
4177,61,1,0.01639344262295082,60
4178,68,3,0.04411764705882353,65
4179,20,1,0.05,19
4180,73,0,0.0,73
4181,5,4,0.8,1
4182,24,5,0.20833333333333334,19
4183,53,0,0.0,53
4184,11,2,0.18181818181818182,9
4185,38,3,0.07894736842105263,35
4186,14,5,0.35714285714285715,9
4187,12,6,0.5,6
4188,45,0,0.0,45
4189,67,2,0.029850746268656716,65
4190,81,0,0.0,81
4191,75,1,0.013333333333333334,74
4192,35,6,0.17142857142857143,29
4193,60,1,0.016666666666666666,59
4194,51,5,0.09803921568627451,46
4195,17,0,0.0,17
4196,74,0,0.0,74
4197,53,4,0.07547169811320754,49
4198,59,2,0.03389830508474576,57
4199,52,3,0.057692307692307696,49
4200,32,1,0.03125,31
4201,52,0,0.0,52
4202,71,0,0.0,71
4203,64,1,0.015625,63
4204,11,0,0.0,11
4205,64,1,0.015625,63
4206,18,2,0.1111111111111111,16
4207,17,3,0.17647058823529413,14
4208,15,1,0.06666666666666667,14
4209,66,0,0.0,66
4210,26,2,0.07692307692307693,24
4211,60,2,0.03333333333333333,58
4212,54,2,0.037037037037037035,52
4213,81,1,0.012345679012345678,80
4214,65,2,0.03076923076923077,63
4215,34,0,0.0,34
4216,1,1,1.0,0
4217,63,3,0.047619047619047616,60
4218,25,4,0.16,21
4219,76,1,0.013157894736842105,75
4220,56,2,0.03571428571428571,54
4221,5,1,0.2,4
4222,44,2,0.045454545454545456,42
4223,81,0,0.0,81
4224,67,0,0.0,67
4225,54,2,0.037037037037037035,52
4226,45,0,0.0,45
4227,58,3,0.05172413793103448,55
4228,28,9,0.32142857142857145,19
4229,51,4,0.0784313725490196,47
4230,52,3,0.057692307692307696,49
4231,44,0,0.0,44
4232,81,1,0.012345679012345678,80
4233,81,0,0.0,81
4234,50,2,0.04,48
4235,55,1,0.01818181818181818,54
4236,19,6,0.3157894736842105,13
4237,10,2,0.2,8
4238,20,4,0.2,16
4239,5,0,0.0,5
4240,25,2,0.08,23
4241,7,4,0.5714285714285714,3
4242,61,1,0.01639344262295082,60
4243,64,1,0.015625,63
4244,41,3,0.07317073170731707,38
4245,10,3,0.3,7
4246,49,0,0.0,49
4247,47,1,0.02127659574468085,46
4248,77,1,0.012987012987012988,76
4249,12,0,0.0,12
4250,63,5,0.07936507936507936,58
4251,81,0,0.0,81
4252,46,3,0.06521739130434782,43
4253,52,3,0.057692307692307696,49
4254,48,0,0.0,48
4255,42,0,0.0,42
4256,36,7,0.19444444444444445,29
4257,41,0,0.0,41
4258,65,3,0.046153846153846156,62
4259,81,1,0.012345679012345678,80
4260,41,4,0.0975609756097561,37
4261,81,0,0.0,81
4262,81,0,0.0,81
4263,43,5,0.11627906976744186,38
4264,12,3,0.25,9
4265,44,5,0.11363636363636363,39
4266,17,2,0.11764705882352941,15
4267,42,4,0.09523809523809523,38
4268,68,2,0.029411764705882353,66
4269,56,2,0.03571428571428571,54
4270,21,3,0.14285714285714285,18
4271,65,4,0.06153846153846154,61
4272,44,5,0.11363636363636363,39
4273,65,0,0.0,65
4274,43,2,0.046511627906976744,41
4275,19,5,0.2631578947368421,14
4276,36,0,0.0,36
4277,62,0,0.0,62
4278,81,0,0.0,81
4279,63,3,0.047619047619047616,60
4280,81,1,0.012345679012345678,80
4281,72,0,0.0,72
4282,76,1,0.013157894736842105,75
4283,36,5,0.1388888888888889,31
4284,56,1,0.017857142857142856,55
4285,36,3,0.08333333333333333,33
4286,29,3,0.10344827586206896,26
4287,77,2,0.025974025974025976,75
4288,53,0,0.0,53
4289,14,8,0.5714285714285714,6
4290,45,2,0.044444444444444446,43
4291,34,2,0.058823529411764705,32
4292,19,6,0.3157894736842105,13
4293,22,3,0.13636363636363635,19
4294,16,3,0.1875,13
4295,53,0,0.0,53
4296,9,4,0.4444444444444444,5
4297,51,2,0.0392156862745098,49
4298,40,4,0.1,36
4299,63,2,0.031746031746031744,61
4300,12,3,0.25,9
4301,69,6,0.08695652173913043,63
4302,6,0,0.0,6
4303,35,1,0.02857142857142857,34
4304,9,2,0.2222222222222222,7
4305,38,3,0.07894736842105263,35
4306,32,4,0.125,28
4307,27,3,0.1111111111111111,24
4308,67,0,0.0,67
4309,22,6,0.2727272727272727,16
4310,30,7,0.23333333333333334,23
4311,78,2,0.02564102564102564,76
4312,81,4,0.04938271604938271,77
4313,30,4,0.13333333333333333,26
4314,81,0,0.0,81
4315,6,2,0.3333333333333333,4
4316,48,5,0.10416666666666667,43
4317,40,5,0.125,35
4318,20,3,0.15,17
4319,58,1,0.017241379310344827,57
4320,35,4,0.11428571428571428,31
4321,67,7,0.1044776119402985,60
4322,41,2,0.04878048780487805,39
4323,27,3,0.1111111111111111,24
4324,42,2,0.047619047619047616,40
4325,81,0,0.0,81
4326,63,0,0.0,63
4327,11,11,1.0,0
4328,28,3,0.10714285714285714,25
4329,21,1,0.047619047619047616,20
4330,68,0,0.0,68
4331,49,2,0.04081632653061224,47
4332,5,4,0.8,1
4333,44,2,0.045454545454545456,42
4334,17,5,0.29411764705882354,12
4335,21,1,0.047619047619047616,20
4336,47,4,0.0851063829787234,43
4337,67,0,0.0,67
4338,9,7,0.7777777777777778,2
4339,12,3,0.25,9
4340,59,0,0.0,59
4341,52,0,0.0,52
4342,11,3,0.2727272727272727,8
4343,29,4,0.13793103448275862,25
4344,42,0,0.0,42
4345,74,0,0.0,74
4346,42,3,0.07142857142857142,39
4347,49,4,0.08163265306122448,45
4348,81,81,1.0,0
4349,33,4,0.12121212121212122,29
4350,10,0,0.0,10
4351,65,2,0.03076923076923077,63
4352,12,5,0.4166666666666667,7
4353,80,1,0.0125,79
4354,11,2,0.18181818181818182,9
4355,68,2,0.029411764705882353,66
4356,29,6,0.20689655172413793,23
4357,33,3,0.09090909090909091,30
4358,37,6,0.16216216216216217,31
4359,75,0,0.0,75
4360,18,0,0.0,18
4361,52,3,0.057692307692307696,49
4362,5,1,0.2,4
4363,13,0,0.0,13
4364,13,4,0.3076923076923077,9
4365,49,4,0.08163265306122448,45
4366,68,1,0.014705882352941176,67
4367,37,1,0.02702702702702703,36
4368,17,3,0.17647058823529413,14
4369,19,0,0.0,19
4370,40,2,0.05,38
4371,16,8,0.5,8
4372,29,7,0.2413793103448276,22
4373,16,4,0.25,12
4374,12,7,0.5833333333333334,5
4375,20,9,0.45,11
4376,37,5,0.13513513513513514,32
4377,25,6,0.24,19
4378,34,2,0.058823529411764705,32
4379,44,4,0.09090909090909091,40
4380,60,2,0.03333333333333333,58
4381,29,2,0.06896551724137931,27
4382,62,0,0.0,62
4383,26,2,0.07692307692307693,24
4384,42,0,0.0,42
4385,31,0,0.0,31
4386,28,3,0.10714285714285714,25
4387,14,1,0.07142857142857142,13
4388,81,20,0.24691358024691357,61
4389,18,4,0.2222222222222222,14
4390,48,0,0.0,48
4391,31,2,0.06451612903225806,29
4392,21,4,0.19047619047619047,17
4393,42,5,0.11904761904761904,37
4394,10,3,0.3,7
4395,15,4,0.26666666666666666,11
4396,47,2,0.0425531914893617,45
4397,24,0,0.0,24
4398,62,2,0.03225806451612903,60
4399,11,2,0.18181818181818182,9
4400,59,1,0.01694915254237288,58
4401,38,7,0.18421052631578946,31
4402,16,4,0.25,12
4403,51,0,0.0,51
4404,46,3,0.06521739130434782,43
4405,62,0,0.0,62
4406,46,3,0.06521739130434782,43
4407,81,2,0.024691358024691357,79
4408,8,0,0.0,8
4409,33,5,0.15151515151515152,28
4410,81,0,0.0,81
4411,45,0,0.0,45
4412,81,0,0.0,81
4413,32,1,0.03125,31
4414,8,0,0.0,8
4415,29,1,0.034482758620689655,28
4416,13,1,0.07692307692307693,12
4417,8,8,1.0,0
4418,17,3,0.17647058823529413,14
4419,35,3,0.08571428571428572,32
4420,14,4,0.2857142857142857,10
4421,47,0,0.0,47
4422,81,0,0.0,81
4423,55,2,0.03636363636363636,53
4424,80,1,0.0125,79
4425,81,6,0.07407407407407407,75
4426,30,1,0.03333333333333333,29
4427,79,2,0.02531645569620253,77
4428,60,1,0.016666666666666666,59
4429,9,7,0.7777777777777778,2
4430,47,9,0.19148936170212766,38
4431,81,0,0.0,81
4432,81,0,0.0,81
4433,17,0,0.0,17
4434,14,3,0.21428571428571427,11
4435,67,0,0.0,67
4436,67,2,0.029850746268656716,65
4437,81,0,0.0,81
4438,81,0,0.0,81
4439,81,1,0.012345679012345678,80
4440,59,3,0.05084745762711865,56
4441,14,0,0.0,14
4442,15,2,0.13333333333333333,13
4443,81,2,0.024691358024691357,79
4444,44,0,0.0,44
4445,59,0,0.0,59
4446,43,2,0.046511627906976744,41
4447,80,0,0.0,80
4448,24,2,0.08333333333333333,22
4449,47,23,0.48936170212765956,24
4450,10,8,0.8,2
4451,81,0,0.0,81
4452,30,3,0.1,27
4453,40,2,0.05,38
4454,24,0,0.0,24
4455,68,1,0.014705882352941176,67
4456,53,1,0.018867924528301886,52
4457,42,1,0.023809523809523808,41
4458,53,1,0.018867924528301886,52
4459,81,1,0.012345679012345678,80
4460,33,7,0.21212121212121213,26
4461,38,2,0.05263157894736842,36
4462,48,3,0.0625,45
4463,21,2,0.09523809523809523,19
4464,53,7,0.1320754716981132,46
4465,21,0,0.0,21
4466,40,0,0.0,40
4467,44,0,0.0,44
4468,13,0,0.0,13
4469,74,0,0.0,74
4470,66,0,0.0,66
4471,7,5,0.7142857142857143,2
4472,40,2,0.05,38
4473,81,1,0.012345679012345678,80
4474,17,0,0.0,17
4475,20,8,0.4,12
4476,14,7,0.5,7
4477,43,6,0.13953488372093023,37
4478,76,1,0.013157894736842105,75
4479,79,1,0.012658227848101266,78
4480,19,9,0.47368421052631576,10
4481,70,0,0.0,70
4482,80,1,0.0125,79
4483,24,4,0.16666666666666666,20
4484,81,0,0.0,81
4485,73,0,0.0,73
4486,11,2,0.18181818181818182,9
4487,33,5,0.15151515151515152,28
4488,73,2,0.0273972602739726,71
4489,41,6,0.14634146341463414,35
4490,13,4,0.3076923076923077,9
4491,32,1,0.03125,31
4492,71,1,0.014084507042253521,70
4493,50,4,0.08,46
4494,52,2,0.038461538461538464,50
4495,76,2,0.02631578947368421,74
4496,81,0,0.0,81
4497,20,1,0.05,19
4498,68,2,0.029411764705882353,66
4499,69,0,0.0,69
4500,16,2,0.125,14
4501,52,1,0.019230769230769232,51
4502,17,5,0.29411764705882354,12
4503,6,2,0.3333333333333333,4
4504,16,2,0.125,14
4505,39,1,0.02564102564102564,38
4506,20,3,0.15,17
4507,43,2,0.046511627906976744,41
4508,26,0,0.0,26
4509,79,0,0.0,79
4510,37,4,0.10810810810810811,33
4511,42,1,0.023809523809523808,41
4512,58,1,0.017241379310344827,57
4513,45,0,0.0,45
4514,65,5,0.07692307692307693,60
4515,21,4,0.19047619047619047,17
4516,29,2,0.06896551724137931,27
4517,5,2,0.4,3
4518,49,5,0.10204081632653061,44
4519,12,4,0.3333333333333333,8
4520,50,2,0.04,48
4521,8,2,0.25,6
4522,81,0,0.0,81
4523,21,1,0.047619047619047616,20
4524,16,1,0.0625,15
4525,44,3,0.06818181818181818,41
4526,58,5,0.08620689655172414,53
4527,51,3,0.058823529411764705,48
4528,30,8,0.26666666666666666,22
4529,26,3,0.11538461538461539,23
4530,52,2,0.038461538461538464,50
4531,9,7,0.7777777777777778,2
4532,13,4,0.3076923076923077,9
4533,62,1,0.016129032258064516,61
4534,49,5,0.10204081632653061,44
4535,32,2,0.0625,30
4536,14,0,0.0,14
4537,41,2,0.04878048780487805,39
4538,5,3,0.6,2
4539,81,0,0.0,81
4540,46,4,0.08695652173913043,42
4541,17,1,0.058823529411764705,16
4542,30,5,0.16666666666666666,25
4543,19,14,0.7368421052631579,5
4544,81,1,0.012345679012345678,80
4545,75,0,0.0,75
4546,43,0,0.0,43
4547,11,4,0.36363636363636365,7
4548,73,1,0.0136986301369863,72
4549,30,3,0.1,27
4550,58,3,0.05172413793103448,55
4551,23,0,0.0,23
4552,30,6,0.2,24
4553,17,3,0.17647058823529413,14
4554,19,0,0.0,19
4555,34,8,0.23529411764705882,26
4556,16,7,0.4375,9
4557,46,4,0.08695652173913043,42
4558,47,6,0.1276595744680851,41
4559,81,1,0.012345679012345678,80
4560,26,4,0.15384615384615385,22
4561,23,1,0.043478260869565216,22
4562,33,4,0.12121212121212122,29
4563,81,1,0.012345679012345678,80
4564,31,0,0.0,31
4565,34,4,0.11764705882352941,30
4566,47,0,0.0,47
4567,73,0,0.0,73
4568,59,2,0.03389830508474576,57
4569,39,7,0.1794871794871795,32
4570,30,9,0.3,21
4571,10,1,0.1,9
4572,81,1,0.012345679012345678,80
4573,81,0,0.0,81
4574,78,2,0.02564102564102564,76
4575,19,5,0.2631578947368421,14
4576,26,1,0.038461538461538464,25
4577,49,0,0.0,49
4578,77,1,0.012987012987012988,76
4579,22,3,0.13636363636363635,19
4580,59,0,0.0,59
4581,81,34,0.41975308641975306,47
4582,18,1,0.05555555555555555,17
4583,54,1,0.018518518518518517,53
4584,63,2,0.031746031746031744,61
4585,40,6,0.15,34
4586,81,5,0.06172839506172839,76
4587,55,1,0.01818181818181818,54
4588,50,3,0.06,47
4589,81,1,0.012345679012345678,80
4590,21,5,0.23809523809523808,16
4591,55,3,0.05454545454545454,52
4592,40,8,0.2,32
4593,23,2,0.08695652173913043,21
4594,33,0,0.0,33
4595,26,3,0.11538461538461539,23
4596,26,4,0.15384615384615385,22
4597,22,7,0.3181818181818182,15
4598,81,5,0.06172839506172839,76
4599,81,0,0.0,81
4600,20,4,0.2,16
4601,52,9,0.17307692307692307,43
4602,36,2,0.05555555555555555,34
4603,29,0,0.0,29
4604,20,4,0.2,16
4605,63,0,0.0,63
4606,67,2,0.029850746268656716,65
4607,81,0,0.0,81
4608,74,1,0.013513513513513514,73
4609,19,2,0.10526315789473684,17
4610,81,0,0.0,81
4611,16,0,0.0,16
4612,35,5,0.14285714285714285,30
4613,21,4,0.19047619047619047,17
4614,49,0,0.0,49
4615,79,1,0.012658227848101266,78
4616,22,6,0.2727272727272727,16
4617,37,4,0.10810810810810811,33
4618,81,0,0.0,81
4619,22,2,0.09090909090909091,20
4620,6,1,0.16666666666666666,5
4621,79,0,0.0,79
4622,20,3,0.15,17
4623,47,4,0.0851063829787234,43
4624,33,4,0.12121212121212122,29
4625,5,1,0.2,4
4626,51,6,0.11764705882352941,45
4627,68,1,0.014705882352941176,67
4628,71,0,0.0,71
4629,81,10,0.12345679012345678,71
4630,81,0,0.0,81
4631,47,0,0.0,47
4632,28,0,0.0,28
4633,81,0,0.0,81
4634,62,5,0.08064516129032258,57
4635,81,4,0.04938271604938271,77
4636,22,0,0.0,22
4637,22,4,0.18181818181818182,18
4638,47,4,0.0851063829787234,43
4639,37,3,0.08108108108108109,34
4640,68,0,0.0,68
4641,17,8,0.47058823529411764,9
4642,28,3,0.10714285714285714,25
4643,47,3,0.06382978723404255,44
4644,35,3,0.08571428571428572,32
4645,49,2,0.04081632653061224,47
4646,81,1,0.012345679012345678,80
4647,75,1,0.013333333333333334,74
4648,32,3,0.09375,29
4649,81,1,0.012345679012345678,80
4650,24,7,0.2916666666666667,17
4651,16,5,0.3125,11
4652,42,0,0.0,42
4653,57,1,0.017543859649122806,56
4654,46,2,0.043478260869565216,44
4655,34,0,0.0,34
4656,79,1,0.012658227848101266,78
4657,19,3,0.15789473684210525,16
4658,27,2,0.07407407407407407,25
4659,2,0,0.0,2
4660,15,0,0.0,15
4661,34,1,0.029411764705882353,33
4662,65,0,0.0,65
4663,45,5,0.1111111111111111,40
4664,31,4,0.12903225806451613,27
4665,41,1,0.024390243902439025,40
4666,27,3,0.1111111111111111,24
4667,28,0,0.0,28
4668,79,2,0.02531645569620253,77
4669,17,4,0.23529411764705882,13
4670,43,4,0.09302325581395349,39
4671,18,5,0.2777777777777778,13
4672,81,0,0.0,81
4673,67,0,0.0,67
4674,79,0,0.0,79
4675,57,1,0.017543859649122806,56
4676,33,5,0.15151515151515152,28
4677,69,3,0.043478260869565216,66
4678,58,1,0.017241379310344827,57
4679,67,1,0.014925373134328358,66
4680,81,0,0.0,81
4681,63,4,0.06349206349206349,59
4682,16,0,0.0,16
4683,81,1,0.012345679012345678,80
4684,56,1,0.017857142857142856,55
4685,14,5,0.35714285714285715,9
4686,67,0,0.0,67
4687,81,0,0.0,81
4688,55,0,0.0,55
4689,81,0,0.0,81
4690,26,3,0.11538461538461539,23
4691,81,1,0.012345679012345678,80
4692,10,4,0.4,6
4693,40,4,0.1,36
4694,47,4,0.0851063829787234,43
4695,18,3,0.16666666666666666,15
4696,75,0,0.0,75
4697,51,1,0.0196078431372549,50
4698,19,6,0.3157894736842105,13
4699,39,5,0.1282051282051282,34
4700,79,1,0.012658227848101266,78
4701,26,5,0.19230769230769232,21
4702,50,3,0.06,47
4703,75,0,0.0,75
4704,79,2,0.02531645569620253,77
4705,69,1,0.014492753623188406,68
4706,4,1,0.25,3
4707,18,1,0.05555555555555555,17
4708,30,3,0.1,27
4709,41,6,0.14634146341463414,35
4710,22,5,0.22727272727272727,17
4711,79,2,0.02531645569620253,77
4712,39,3,0.07692307692307693,36
4713,81,0,0.0,81
4714,31,2,0.06451612903225806,29
4715,15,15,1.0,0
4716,81,0,0.0,81
4717,53,0,0.0,53
4718,28,6,0.21428571428571427,22
4719,32,3,0.09375,29
4720,70,2,0.02857142857142857,68
4721,13,7,0.5384615384615384,6
4722,56,1,0.017857142857142856,55
4723,13,2,0.15384615384615385,11
4724,33,8,0.24242424242424243,25
4725,81,0,0.0,81
4726,27,1,0.037037037037037035,26
4727,66,2,0.030303030303030304,64
4728,61,1,0.01639344262295082,60
4729,44,4,0.09090909090909091,40
4730,19,3,0.15789473684210525,16
4731,23,0,0.0,23
4732,81,0,0.0,81
4733,43,4,0.09302325581395349,39
4734,45,1,0.022222222222222223,44
4735,41,1,0.024390243902439025,40
4736,44,0,0.0,44
4737,51,2,0.0392156862745098,49
4738,69,0,0.0,69
4739,30,7,0.23333333333333334,23
4740,81,0,0.0,81
4741,30,5,0.16666666666666666,25
4742,29,2,0.06896551724137931,27
4743,2,1,0.5,1
4744,17,3,0.17647058823529413,14
4745,73,0,0.0,73
4746,35,1,0.02857142857142857,34
4747,3,0,0.0,3
4748,73,2,0.0273972602739726,71
4749,33,5,0.15151515151515152,28
4750,40,4,0.1,36
4751,13,4,0.3076923076923077,9
4752,62,3,0.04838709677419355,59
4753,63,4,0.06349206349206349,59
4754,44,4,0.09090909090909091,40
4755,42,5,0.11904761904761904,37
4756,16,8,0.5,8
4757,60,1,0.016666666666666666,59
4758,65,4,0.06153846153846154,61
4759,26,2,0.07692307692307693,24
4760,34,4,0.11764705882352941,30
4761,40,1,0.025,39
4762,81,0,0.0,81
4763,11,1,0.09090909090909091,10
4764,15,4,0.26666666666666666,11
4765,10,3,0.3,7
4766,13,6,0.46153846153846156,7
4767,32,0,0.0,32
4768,12,5,0.4166666666666667,7
4769,32,2,0.0625,30
4770,66,1,0.015151515151515152,65
4771,9,2,0.2222222222222222,7
4772,9,0,0.0,9
4773,35,8,0.22857142857142856,27
4774,36,2,0.05555555555555555,34
4775,78,0,0.0,78
4776,59,4,0.06779661016949153,55
4777,81,1,0.012345679012345678,80
4778,81,1,0.012345679012345678,80
4779,81,0,0.0,81
4780,34,7,0.20588235294117646,27
4781,53,5,0.09433962264150944,48
4782,30,4,0.13333333333333333,26
4783,79,2,0.02531645569620253,77
4784,52,1,0.019230769230769232,51
4785,24,1,0.041666666666666664,23
4786,20,2,0.1,18
4787,11,2,0.18181818181818182,9
4788,81,1,0.012345679012345678,80
4789,42,3,0.07142857142857142,39
4790,80,4,0.05,76
4791,81,9,0.1111111111111111,72
4792,22,2,0.09090909090909091,20
4793,77,0,0.0,77
4794,5,0,0.0,5
4795,81,0,0.0,81
4796,19,0,0.0,19
4797,32,4,0.125,28
4798,34,8,0.23529411764705882,26
4799,19,1,0.05263157894736842,18
4800,7,0,0.0,7
4801,80,2,0.025,78
4802,10,0,0.0,10
4803,76,0,0.0,76
4804,76,0,0.0,76
4805,10,1,0.1,9
4806,43,4,0.09302325581395349,39
4807,81,0,0.0,81
4808,81,0,0.0,81
4809,16,4,0.25,12
4810,81,0,0.0,81
4811,81,0,0.0,81
4812,30,3,0.1,27
4813,52,0,0.0,52
4814,74,0,0.0,74
4815,7,0,0.0,7
4816,65,3,0.046153846153846156,62
4817,81,0,0.0,81
4818,23,3,0.13043478260869565,20
4819,37,5,0.13513513513513514,32
4820,78,1,0.01282051282051282,77
4821,39,0,0.0,39
4822,28,3,0.10714285714285714,25
4823,81,0,0.0,81
4824,29,0,0.0,29
4825,41,1,0.024390243902439025,40
4826,48,4,0.08333333333333333,44
4827,69,1,0.014492753623188406,68
4828,72,0,0.0,72
4829,23,1,0.043478260869565216,22
4830,28,4,0.14285714285714285,24
4831,68,4,0.058823529411764705,64
4832,16,4,0.25,12
4833,81,0,0.0,81
4834,33,3,0.09090909090909091,30
4835,56,3,0.05357142857142857,53
4836,13,0,0.0,13
4837,3,0,0.0,3
4838,42,0,0.0,42
4839,33,5,0.15151515151515152,28
4840,25,3,0.12,22
4841,63,4,0.06349206349206349,59
4842,27,3,0.1111111111111111,24
4843,76,2,0.02631578947368421,74
4844,43,0,0.0,43
4845,10,4,0.4,6
4846,75,0,0.0,75
4847,31,1,0.03225806451612903,30
4848,73,1,0.0136986301369863,72
4849,12,0,0.0,12
4850,18,9,0.5,9
4851,81,0,0.0,81
4852,55,0,0.0,55
4853,81,0,0.0,81
4854,9,2,0.2222222222222222,7
4855,30,0,0.0,30
4856,52,1,0.019230769230769232,51
4857,28,3,0.10714285714285714,25
4858,37,0,0.0,37
4859,69,0,0.0,69
4860,34,3,0.08823529411764706,31
4861,40,8,0.2,32
4862,67,3,0.04477611940298507,64
4863,53,3,0.05660377358490566,50
4864,10,0,0.0,10
4865,53,3,0.05660377358490566,50
4866,38,0,0.0,38
4867,38,2,0.05263157894736842,36
4868,58,1,0.017241379310344827,57
4869,62,1,0.016129032258064516,61
4870,56,1,0.017857142857142856,55
4871,12,0,0.0,12
4872,15,0,0.0,15
4873,81,0,0.0,81
4874,39,4,0.10256410256410256,35
4875,81,1,0.012345679012345678,80
4876,81,1,0.012345679012345678,80
4877,56,1,0.017857142857142856,55
4878,25,4,0.16,21
4879,29,10,0.3448275862068966,19
4880,38,4,0.10526315789473684,34
4881,81,0,0.0,81
4882,13,7,0.5384615384615384,6
4883,41,5,0.12195121951219512,36
4884,81,21,0.25925925925925924,60
4885,28,5,0.17857142857142858,23
4886,35,5,0.14285714285714285,30
4887,48,2,0.041666666666666664,46
4888,61,1,0.01639344262295082,60
4889,23,1,0.043478260869565216,22
4890,51,2,0.0392156862745098,49
4891,78,1,0.01282051282051282,77
4892,37,0,0.0,37
4893,66,0,0.0,66
4894,13,0,0.0,13
4895,25,0,0.0,25
4896,17,2,0.11764705882352941,15
4897,53,1,0.018867924528301886,52
4898,40,2,0.05,38
4899,56,0,0.0,56
4900,81,1,0.012345679012345678,80
4901,61,32,0.5245901639344263,29
4902,81,0,0.0,81
4903,19,0,0.0,19
4904,9,1,0.1111111111111111,8
4905,56,1,0.017857142857142856,55
4906,47,3,0.06382978723404255,44
4907,68,1,0.014705882352941176,67
4908,21,0,0.0,21
4909,81,0,0.0,81
4910,42,1,0.023809523809523808,41
4911,46,4,0.08695652173913043,42
4912,15,1,0.06666666666666667,14
4913,61,1,0.01639344262295082,60
4914,58,4,0.06896551724137931,54
4915,65,0,0.0,65
4916,45,6,0.13333333333333333,39
4917,55,0,0.0,55
4918,77,0,0.0,77
4919,30,4,0.13333333333333333,26
4920,43,0,0.0,43
4921,68,0,0.0,68
4922,48,3,0.0625,45
4923,50,3,0.06,47
4924,33,0,0.0,33
4925,35,3,0.08571428571428572,32
4926,31,5,0.16129032258064516,26
4927,35,5,0.14285714285714285,30
4928,11,1,0.09090909090909091,10
4929,32,7,0.21875,25
4930,17,0,0.0,17
4931,62,8,0.12903225806451613,54
4932,38,8,0.21052631578947367,30
4933,81,5,0.06172839506172839,76
4934,32,3,0.09375,29
4935,39,1,0.02564102564102564,38
4936,32,4,0.125,28
4937,78,1,0.01282051282051282,77
4938,81,1,0.012345679012345678,80
4939,30,4,0.13333333333333333,26
4940,61,3,0.04918032786885246,58
4941,70,1,0.014285714285714285,69
4942,18,2,0.1111111111111111,16
4943,65,0,0.0,65
4944,11,0,0.0,11
4945,30,4,0.13333333333333333,26
4946,35,6,0.17142857142857143,29
4947,26,2,0.07692307692307693,24
4948,70,0,0.0,70
4949,80,0,0.0,80
4950,73,1,0.0136986301369863,72
4951,76,0,0.0,76
4952,32,3,0.09375,29
4953,78,1,0.01282051282051282,77
4954,40,1,0.025,39
4955,23,6,0.2608695652173913,17
4956,48,3,0.0625,45
4957,31,2,0.06451612903225806,29
4958,53,1,0.018867924528301886,52
4959,69,2,0.028985507246376812,67
4960,22,2,0.09090909090909091,20
4961,6,2,0.3333333333333333,4
4962,81,39,0.48148148148148145,42
4963,38,3,0.07894736842105263,35
4964,13,2,0.15384615384615385,11
4965,25,1,0.04,24
4966,25,0,0.0,25
4967,18,1,0.05555555555555555,17
4968,35,2,0.05714285714285714,33
4969,77,1,0.012987012987012988,76
4970,17,1,0.058823529411764705,16
4971,15,1,0.06666666666666667,14
4972,21,3,0.14285714285714285,18
4973,24,3,0.125,21
4974,11,2,0.18181818181818182,9
4975,10,2,0.2,8
4976,81,7,0.08641975308641975,74
4977,11,0,0.0,11
4978,2,2,1.0,0
4979,54,4,0.07407407407407407,50
4980,81,13,0.16049382716049382,68
4981,81,5,0.06172839506172839,76
4982,76,2,0.02631578947368421,74
4983,58,0,0.0,58
4984,55,1,0.01818181818181818,54
4985,58,2,0.034482758620689655,56
4986,37,3,0.08108108108108109,34
4987,42,1,0.023809523809523808,41
4988,27,0,0.0,27
4989,45,2,0.044444444444444446,43
4990,81,0,0.0,81
4991,20,7,0.35,13
4992,80,2,0.025,78
4993,13,1,0.07692307692307693,12
4994,51,7,0.13725490196078433,44
4995,65,0,0.0,65
4996,24,7,0.2916666666666667,17
4997,40,3,0.075,37
4998,8,1,0.125,7
4999,20,7,0.35,13
5000,23,1,0.043478260869565216,22
5001,29,3,0.10344827586206896,26
5002,38,2,0.05263157894736842,36
5003,5,0,0.0,5
5004,54,3,0.05555555555555555,51
5005,69,1,0.014492753623188406,68
5006,12,0,0.0,12
5007,57,1,0.017543859649122806,56
5008,55,4,0.07272727272727272,51
5009,23,6,0.2608695652173913,17
5010,81,0,0.0,81
5011,29,8,0.27586206896551724,21
5012,79,2,0.02531645569620253,77
5013,63,7,0.1111111111111111,56
5014,48,6,0.125,42
5015,66,1,0.015151515151515152,65
5016,24,4,0.16666666666666666,20
5017,80,0,0.0,80
5018,27,2,0.07407407407407407,25
5019,12,0,0.0,12
5020,56,0,0.0,56
5021,40,4,0.1,36
5022,13,4,0.3076923076923077,9
5023,81,0,0.0,81
5024,53,1,0.018867924528301886,52
5025,63,0,0.0,63
5026,80,1,0.0125,79
5027,10,3,0.3,7
5028,9,4,0.4444444444444444,5
5029,5,1,0.2,4
5030,37,7,0.1891891891891892,30
5031,76,1,0.013157894736842105,75
5032,15,1,0.06666666666666667,14
5033,43,0,0.0,43
5034,56,1,0.017857142857142856,55
5035,60,1,0.016666666666666666,59
5036,29,1,0.034482758620689655,28
5037,10,0,0.0,10
5038,12,2,0.16666666666666666,10
5039,11,0,0.0,11
5040,59,8,0.13559322033898305,51
5041,48,3,0.0625,45
5042,37,7,0.1891891891891892,30
5043,20,3,0.15,17
5044,14,3,0.21428571428571427,11
5045,37,1,0.02702702702702703,36
5046,33,1,0.030303030303030304,32
5047,37,2,0.05405405405405406,35
5048,71,1,0.014084507042253521,70
5049,41,3,0.07317073170731707,38
5050,81,0,0.0,81
5051,72,3,0.041666666666666664,69
5052,21,3,0.14285714285714285,18
5053,56,2,0.03571428571428571,54
5054,58,1,0.017241379310344827,57
5055,42,6,0.14285714285714285,36
5056,46,4,0.08695652173913043,42
5057,81,0,0.0,81
5058,5,0,0.0,5
5059,18,4,0.2222222222222222,14
5060,60,1,0.016666666666666666,59
5061,81,0,0.0,81
5062,33,1,0.030303030303030304,32
5063,14,5,0.35714285714285715,9
5064,79,3,0.0379746835443038,76
5065,42,6,0.14285714285714285,36
5066,13,6,0.46153846153846156,7
5067,80,1,0.0125,79
5068,33,8,0.24242424242424243,25
5069,76,0,0.0,76
5070,64,0,0.0,64
5071,40,1,0.025,39
5072,21,5,0.23809523809523808,16
5073,81,1,0.012345679012345678,80
5074,39,6,0.15384615384615385,33
5075,47,1,0.02127659574468085,46
5076,78,0,0.0,78
5077,17,2,0.11764705882352941,15
5078,81,1,0.012345679012345678,80
5079,25,1,0.04,24
5080,28,5,0.17857142857142858,23
5081,13,0,0.0,13
5082,55,1,0.01818181818181818,54
5083,50,3,0.06,47
5084,79,0,0.0,79
5085,20,0,0.0,20
5086,56,1,0.017857142857142856,55
5087,67,1,0.014925373134328358,66
5088,57,0,0.0,57
5089,80,1,0.0125,79
5090,8,3,0.375,5
5091,73,0,0.0,73
5092,16,1,0.0625,15
5093,27,6,0.2222222222222222,21
5094,41,2,0.04878048780487805,39
5095,33,5,0.15151515151515152,28
5096,79,1,0.012658227848101266,78
5097,39,2,0.05128205128205128,37
5098,37,6,0.16216216216216217,31
5099,19,3,0.15789473684210525,16
5100,81,1,0.012345679012345678,80
5101,54,2,0.037037037037037035,52
5102,50,2,0.04,48
5103,42,2,0.047619047619047616,40
5104,70,0,0.0,70
5105,53,4,0.07547169811320754,49
5106,81,1,0.012345679012345678,80
5107,36,0,0.0,36
5108,37,1,0.02702702702702703,36
5109,43,0,0.0,43
5110,64,4,0.0625,60
5111,47,2,0.0425531914893617,45
5112,43,1,0.023255813953488372,42
5113,23,6,0.2608695652173913,17
5114,37,6,0.16216216216216217,31
5115,71,0,0.0,71
5116,81,0,0.0,81
5117,67,0,0.0,67
5118,67,0,0.0,67
5119,21,5,0.23809523809523808,16
5120,59,1,0.01694915254237288,58
5121,77,0,0.0,77
5122,80,1,0.0125,79
5123,67,0,0.0,67
5124,18,1,0.05555555555555555,17
5125,41,2,0.04878048780487805,39
5126,81,0,0.0,81
5127,41,2,0.04878048780487805,39
5128,29,2,0.06896551724137931,27
5129,80,0,0.0,80
5130,46,4,0.08695652173913043,42
5131,81,8,0.09876543209876543,73
5132,47,3,0.06382978723404255,44
5133,32,1,0.03125,31
5134,70,0,0.0,70
5135,32,1,0.03125,31
5136,58,2,0.034482758620689655,56
5137,80,0,0.0,80
5138,63,1,0.015873015873015872,62
5139,48,2,0.041666666666666664,46
5140,22,3,0.13636363636363635,19
5141,11,2,0.18181818181818182,9
5142,17,5,0.29411764705882354,12
5143,81,0,0.0,81
5144,52,2,0.038461538461538464,50
5145,49,2,0.04081632653061224,47
5146,31,4,0.12903225806451613,27
5147,81,1,0.012345679012345678,80
5148,66,0,0.0,66
5149,8,1,0.125,7
5150,60,1,0.016666666666666666,59
5151,55,3,0.05454545454545454,52
5152,21,0,0.0,21
5153,77,0,0.0,77
5154,40,0,0.0,40
5155,31,1,0.03225806451612903,30
5156,43,4,0.09302325581395349,39
5157,20,3,0.15,17
5158,16,1,0.0625,15
5159,70,1,0.014285714285714285,69
5160,37,3,0.08108108108108109,34
5161,24,4,0.16666666666666666,20
5162,68,2,0.029411764705882353,66
5163,76,1,0.013157894736842105,75
5164,43,1,0.023255813953488372,42
5165,31,0,0.0,31
5166,81,0,0.0,81
5167,13,7,0.5384615384615384,6
5168,51,1,0.0196078431372549,50
5169,69,0,0.0,69
5170,29,2,0.06896551724137931,27
5171,44,3,0.06818181818181818,41
5172,17,3,0.17647058823529413,14
5173,51,0,0.0,51
5174,81,0,0.0,81
5175,25,1,0.04,24
5176,12,8,0.6666666666666666,4
5177,39,3,0.07692307692307693,36
5178,27,2,0.07407407407407407,25
5179,76,0,0.0,76
5180,80,0,0.0,80
5181,71,0,0.0,71
5182,32,7,0.21875,25
5183,62,4,0.06451612903225806,58
5184,21,1,0.047619047619047616,20
5185,24,0,0.0,24
5186,81,1,0.012345679012345678,80
5187,38,3,0.07894736842105263,35
5188,72,5,0.06944444444444445,67
5189,39,1,0.02564102564102564,38
5190,72,2,0.027777777777777776,70
5191,46,2,0.043478260869565216,44
5192,39,2,0.05128205128205128,37
5193,71,2,0.028169014084507043,69
5194,37,3,0.08108108108108109,34
5195,81,0,0.0,81
5196,46,4,0.08695652173913043,42
5197,55,0,0.0,55
5198,23,2,0.08695652173913043,21
5199,71,3,0.04225352112676056,68
5200,79,0,0.0,79
5201,62,1,0.016129032258064516,61
5202,51,0,0.0,51
5203,43,4,0.09302325581395349,39
5204,46,2,0.043478260869565216,44
5205,43,1,0.023255813953488372,42
5206,26,0,0.0,26
5207,81,0,0.0,81
5208,64,1,0.015625,63
5209,19,5,0.2631578947368421,14
5210,11,5,0.45454545454545453,6
5211,3,3,1.0,0
5212,26,4,0.15384615384615385,22
5213,50,2,0.04,48
5214,50,2,0.04,48
5215,54,0,0.0,54
5216,81,0,0.0,81
5217,81,0,0.0,81
5218,9,2,0.2222222222222222,7
5219,9,2,0.2222222222222222,7
5220,50,2,0.04,48
5221,78,0,0.0,78
5222,32,2,0.0625,30
5223,7,0,0.0,7
5224,1,0,0.0,1
5225,6,0,0.0,6
5226,35,5,0.14285714285714285,30
5227,33,4,0.12121212121212122,29
5228,81,3,0.037037037037037035,78
5229,15,4,0.26666666666666666,11
5230,44,3,0.06818181818181818,41
5231,52,0,0.0,52
5232,33,6,0.18181818181818182,27
5233,22,0,0.0,22
5234,25,3,0.12,22
5235,61,2,0.03278688524590164,59
5236,67,2,0.029850746268656716,65
5237,43,2,0.046511627906976744,41
5238,20,4,0.2,16
5239,13,6,0.46153846153846156,7
5240,12,1,0.08333333333333333,11
5241,19,2,0.10526315789473684,17
5242,79,0,0.0,79
5243,81,1,0.012345679012345678,80
5244,39,1,0.02564102564102564,38
5245,38,6,0.15789473684210525,32
5246,2,0,0.0,2
5247,16,7,0.4375,9
5248,81,0,0.0,81
5249,28,3,0.10714285714285714,25
5250,30,3,0.1,27
5251,26,4,0.15384615384615385,22
5252,31,8,0.25806451612903225,23
5253,81,0,0.0,81
5254,68,0,0.0,68
5255,10,2,0.2,8
5256,19,2,0.10526315789473684,17
5257,81,2,0.024691358024691357,79
5258,66,1,0.015151515151515152,65
5259,31,3,0.0967741935483871,28
5260,77,1,0.012987012987012988,76
5261,35,2,0.05714285714285714,33
5262,34,2,0.058823529411764705,32
5263,42,5,0.11904761904761904,37
5264,77,1,0.012987012987012988,76
5265,23,3,0.13043478260869565,20
5266,50,6,0.12,44
5267,10,7,0.7,3
5268,41,2,0.04878048780487805,39
5269,29,1,0.034482758620689655,28
5270,77,0,0.0,77
5271,60,2,0.03333333333333333,58
5272,77,1,0.012987012987012988,76
5273,29,2,0.06896551724137931,27
5274,64,1,0.015625,63
5275,30,6,0.2,24
5276,61,0,0.0,61
5277,20,0,0.0,20
5278,42,2,0.047619047619047616,40
5279,35,3,0.08571428571428572,32
5280,81,0,0.0,81
5281,44,2,0.045454545454545456,42
5282,50,7,0.14,43
5283,32,0,0.0,32
5284,64,4,0.0625,60
5285,81,1,0.012345679012345678,80
5286,81,1,0.012345679012345678,80
5287,29,0,0.0,29
5288,9,0,0.0,9
5289,31,2,0.06451612903225806,29
5290,44,2,0.045454545454545456,42
5291,51,4,0.0784313725490196,47
5292,43,4,0.09302325581395349,39
5293,81,0,0.0,81
5294,37,4,0.10810810810810811,33
5295,81,0,0.0,81
5296,62,1,0.016129032258064516,61
5297,17,0,0.0,17
5298,18,6,0.3333333333333333,12
5299,81,0,0.0,81
5300,28,2,0.07142857142857142,26
5301,38,3,0.07894736842105263,35
5302,9,0,0.0,9
5303,15,2,0.13333333333333333,13
5304,59,0,0.0,59
5305,73,1,0.0136986301369863,72
5306,48,7,0.14583333333333334,41
5307,81,0,0.0,81
5308,44,1,0.022727272727272728,43
5309,59,4,0.06779661016949153,55
5310,49,1,0.02040816326530612,48
5311,47,1,0.02127659574468085,46
5312,49,5,0.10204081632653061,44
5313,16,1,0.0625,15
5314,41,3,0.07317073170731707,38
5315,81,0,0.0,81
5316,40,1,0.025,39
5317,74,1,0.013513513513513514,73
5318,11,0,0.0,11
5319,81,2,0.024691358024691357,79
5320,72,1,0.013888888888888888,71
5321,81,0,0.0,81
5322,9,0,0.0,9
5323,72,0,0.0,72
5324,31,0,0.0,31
5325,64,3,0.046875,61
5326,46,1,0.021739130434782608,45
5327,19,3,0.15789473684210525,16
5328,50,4,0.08,46
5329,21,3,0.14285714285714285,18
5330,81,0,0.0,81
5331,41,6,0.14634146341463414,35
5332,75,0,0.0,75
5333,45,0,0.0,45
5334,44,1,0.022727272727272728,43
5335,30,2,0.06666666666666667,28
5336,63,0,0.0,63
5337,42,0,0.0,42
5338,36,4,0.1111111111111111,32
5339,71,1,0.014084507042253521,70
5340,27,2,0.07407407407407407,25
5341,26,0,0.0,26
5342,66,0,0.0,66
5343,45,0,0.0,45
5344,34,3,0.08823529411764706,31
5345,81,0,0.0,81
5346,21,4,0.19047619047619047,17
5347,81,0,0.0,81
5348,33,3,0.09090909090909091,30
5349,50,2,0.04,48
5350,36,4,0.1111111111111111,32
5351,47,1,0.02127659574468085,46
5352,60,5,0.08333333333333333,55
5353,13,0,0.0,13
5354,53,1,0.018867924528301886,52
5355,9,2,0.2222222222222222,7
5356,55,3,0.05454545454545454,52
5357,69,0,0.0,69
5358,47,3,0.06382978723404255,44
5359,60,2,0.03333333333333333,58
5360,80,1,0.0125,79
5361,47,0,0.0,47
5362,12,2,0.16666666666666666,10
5363,81,0,0.0,81
5364,77,0,0.0,77
5365,18,3,0.16666666666666666,15
5366,67,6,0.08955223880597014,61
5367,30,0,0.0,30
5368,36,7,0.19444444444444445,29
5369,39,0,0.0,39
5370,38,5,0.13157894736842105,33
5371,29,6,0.20689655172413793,23
5372,81,0,0.0,81
5373,36,0,0.0,36
5374,32,5,0.15625,27
5375,81,0,0.0,81
5376,32,3,0.09375,29
5377,60,4,0.06666666666666667,56
5378,62,1,0.016129032258064516,61
5379,70,1,0.014285714285714285,69
5380,48,1,0.020833333333333332,47
5381,45,2,0.044444444444444446,43
5382,21,4,0.19047619047619047,17
5383,81,0,0.0,81
5384,24,3,0.125,21
5385,5,2,0.4,3
5386,60,3,0.05,57
5387,81,0,0.0,81
5388,19,0,0.0,19
5389,41,5,0.12195121951219512,36
5390,7,2,0.2857142857142857,5
5391,52,1,0.019230769230769232,51
5392,14,2,0.14285714285714285,12
5393,81,0,0.0,81
5394,70,1,0.014285714285714285,69
5395,16,1,0.0625,15
5396,25,2,0.08,23
5397,61,1,0.01639344262295082,60
5398,57,2,0.03508771929824561,55
5399,25,3,0.12,22
5400,28,3,0.10714285714285714,25
5401,33,7,0.21212121212121213,26
5402,21,4,0.19047619047619047,17
5403,81,0,0.0,81
5404,51,2,0.0392156862745098,49
5405,81,0,0.0,81
5406,65,0,0.0,65
5407,81,0,0.0,81
5408,13,2,0.15384615384615385,11
5409,26,0,0.0,26
5410,38,3,0.07894736842105263,35
5411,25,1,0.04,24
5412,37,5,0.13513513513513514,32
5413,54,2,0.037037037037037035,52
5414,41,6,0.14634146341463414,35
5415,78,0,0.0,78
5416,25,4,0.16,21
5417,52,2,0.038461538461538464,50
5418,63,1,0.015873015873015872,62
5419,30,2,0.06666666666666667,28
5420,69,2,0.028985507246376812,67
5421,28,2,0.07142857142857142,26
5422,23,3,0.13043478260869565,20
5423,40,6,0.15,34
5424,13,0,0.0,13
5425,71,2,0.028169014084507043,69
5426,47,3,0.06382978723404255,44
5427,26,3,0.11538461538461539,23
5428,78,0,0.0,78
5429,32,0,0.0,32
5430,13,0,0.0,13
5431,81,2,0.024691358024691357,79
5432,42,2,0.047619047619047616,40
5433,26,0,0.0,26
5434,52,1,0.019230769230769232,51
5435,28,4,0.14285714285714285,24
5436,68,1,0.014705882352941176,67
5437,23,1,0.043478260869565216,22
5438,56,1,0.017857142857142856,55
5439,54,10,0.18518518518518517,44
5440,27,4,0.14814814814814814,23
5441,19,0,0.0,19
5442,40,0,0.0,40
5443,9,8,0.8888888888888888,1
5444,16,3,0.1875,13
5445,7,4,0.5714285714285714,3
5446,81,0,0.0,81
5447,20,5,0.25,15
5448,45,2,0.044444444444444446,43
5449,51,4,0.0784313725490196,47
5450,38,3,0.07894736842105263,35
5451,40,2,0.05,38
5452,28,2,0.07142857142857142,26
5453,81,9,0.1111111111111111,72
5454,69,1,0.014492753623188406,68
5455,49,2,0.04081632653061224,47
5456,66,0,0.0,66
5457,75,1,0.013333333333333334,74
5458,5,3,0.6,2
5459,9,4,0.4444444444444444,5
5460,81,0,0.0,81
5461,8,3,0.375,5
5462,75,5,0.06666666666666667,70
5463,81,0,0.0,81
5464,33,12,0.36363636363636365,21
5465,31,1,0.03225806451612903,30
5466,29,4,0.13793103448275862,25
5467,65,17,0.26153846153846155,48
5468,10,0,0.0,10
5469,81,0,0.0,81
5470,81,0,0.0,81
5471,53,3,0.05660377358490566,50
5472,75,1,0.013333333333333334,74
5473,5,1,0.2,4
5474,81,1,0.012345679012345678,80
5475,27,7,0.25925925925925924,20
5476,10,0,0.0,10
5477,16,1,0.0625,15
5478,31,8,0.25806451612903225,23
5479,25,7,0.28,18
5480,40,0,0.0,40
5481,20,4,0.2,16
5482,79,0,0.0,79
5483,81,0,0.0,81
5484,28,2,0.07142857142857142,26
5485,81,0,0.0,81
5486,3,0,0.0,3
5487,81,1,0.012345679012345678,80
5488,12,4,0.3333333333333333,8
5489,23,4,0.17391304347826086,19
5490,29,7,0.2413793103448276,22
5491,81,0,0.0,81
5492,55,0,0.0,55
5493,24,3,0.125,21
5494,42,2,0.047619047619047616,40
5495,45,4,0.08888888888888889,41
5496,9,5,0.5555555555555556,4
5497,77,0,0.0,77
5498,81,0,0.0,81
5499,70,0,0.0,70
5500,24,2,0.08333333333333333,22
5501,17,0,0.0,17
5502,3,1,0.3333333333333333,2
5503,80,3,0.0375,77
5504,34,1,0.029411764705882353,33
5505,62,2,0.03225806451612903,60
5506,36,0,0.0,36
5507,16,7,0.4375,9
5508,10,0,0.0,10
5509,15,7,0.4666666666666667,8
5510,56,0,0.0,56
5511,35,2,0.05714285714285714,33
5512,30,3,0.1,27
5513,79,0,0.0,79
5514,45,3,0.06666666666666667,42
5515,16,7,0.4375,9
5516,35,7,0.2,28
5517,11,5,0.45454545454545453,6
5518,26,4,0.15384615384615385,22
5519,78,1,0.01282051282051282,77
5520,56,0,0.0,56
5521,19,2,0.10526315789473684,17
5522,74,1,0.013513513513513514,73
5523,81,4,0.04938271604938271,77
5524,45,0,0.0,45
5525,80,1,0.0125,79
5526,36,3,0.08333333333333333,33
5527,51,0,0.0,51
5528,35,1,0.02857142857142857,34
5529,57,3,0.05263157894736842,54
5530,81,0,0.0,81
5531,75,0,0.0,75
5532,11,5,0.45454545454545453,6
5533,72,2,0.027777777777777776,70
5534,14,2,0.14285714285714285,12
5535,65,1,0.015384615384615385,64
5536,34,3,0.08823529411764706,31
5537,20,5,0.25,15
5538,15,5,0.3333333333333333,10
5539,50,0,0.0,50
5540,18,3,0.16666666666666666,15
5541,26,2,0.07692307692307693,24
5542,80,5,0.0625,75
5543,21,0,0.0,21
5544,79,0,0.0,79
5545,37,0,0.0,37
5546,8,3,0.375,5
5547,47,0,0.0,47
5548,44,3,0.06818181818181818,41
5549,53,2,0.03773584905660377,51
5550,81,0,0.0,81
5551,71,1,0.014084507042253521,70
5552,12,5,0.4166666666666667,7
5553,50,1,0.02,49
5554,28,3,0.10714285714285714,25
5555,24,2,0.08333333333333333,22
5556,29,3,0.10344827586206896,26
5557,41,5,0.12195121951219512,36
5558,33,0,0.0,33
5559,35,5,0.14285714285714285,30
5560,74,0,0.0,74
5561,34,3,0.08823529411764706,31
5562,81,0,0.0,81
5563,42,1,0.023809523809523808,41
5564,42,5,0.11904761904761904,37
5565,55,2,0.03636363636363636,53
5566,34,5,0.14705882352941177,29
5567,38,0,0.0,38
5568,30,3,0.1,27
5569,81,2,0.024691358024691357,79
5570,41,5,0.12195121951219512,36
5571,11,3,0.2727272727272727,8
5572,80,0,0.0,80
5573,36,0,0.0,36
5574,58,1,0.017241379310344827,57
5575,70,1,0.014285714285714285,69
5576,52,4,0.07692307692307693,48
5577,35,0,0.0,35
5578,75,1,0.013333333333333334,74
5579,30,5,0.16666666666666666,25
5580,75,4,0.05333333333333334,71
5581,33,4,0.12121212121212122,29
5582,32,4,0.125,28
5583,10,0,0.0,10
5584,52,0,0.0,52
5585,69,1,0.014492753623188406,68
5586,25,8,0.32,17
5587,26,4,0.15384615384615385,22
5588,23,3,0.13043478260869565,20
5589,70,1,0.014285714285714285,69
5590,47,0,0.0,47
5591,58,1,0.017241379310344827,57
5592,81,3,0.037037037037037035,78
5593,22,3,0.13636363636363635,19
5594,31,7,0.22580645161290322,24
5595,16,4,0.25,12
5596,32,1,0.03125,31
5597,42,4,0.09523809523809523,38
5598,32,7,0.21875,25
5599,27,1,0.037037037037037035,26
5600,70,1,0.014285714285714285,69
5601,23,6,0.2608695652173913,17
5602,42,9,0.21428571428571427,33
5603,16,7,0.4375,9
5604,81,0,0.0,81
5605,56,19,0.3392857142857143,37
5606,2,0,0.0,2
5607,70,4,0.05714285714285714,66
5608,50,0,0.0,50
5609,14,7,0.5,7
5610,72,3,0.041666666666666664,69
5611,16,0,0.0,16
5612,81,1,0.012345679012345678,80
5613,69,1,0.014492753623188406,68
5614,81,0,0.0,81
5615,49,3,0.061224489795918366,46
5616,37,4,0.10810810810810811,33
5617,81,0,0.0,81
5618,55,3,0.05454545454545454,52
5619,74,3,0.04054054054054054,71
5620,40,3,0.075,37
5621,15,6,0.4,9
5622,68,1,0.014705882352941176,67
5623,24,4,0.16666666666666666,20
5624,17,1,0.058823529411764705,16
5625,34,4,0.11764705882352941,30
5626,13,0,0.0,13
5627,32,5,0.15625,27
5628,47,2,0.0425531914893617,45
5629,68,1,0.014705882352941176,67
5630,76,0,0.0,76
5631,17,4,0.23529411764705882,13
5632,46,3,0.06521739130434782,43
5633,28,2,0.07142857142857142,26
5634,81,81,1.0,0
5635,54,0,0.0,54
5636,81,0,0.0,81
5637,34,8,0.23529411764705882,26
5638,48,3,0.0625,45
5639,37,6,0.16216216216216217,31
5640,81,4,0.04938271604938271,77
5641,1,0,0.0,1
5642,38,6,0.15789473684210525,32
5643,40,2,0.05,38
5644,40,3,0.075,37
5645,47,5,0.10638297872340426,42
5646,68,9,0.1323529411764706,59
5647,81,0,0.0,81
5648,62,2,0.03225806451612903,60
5649,49,0,0.0,49
5650,75,0,0.0,75
5651,81,0,0.0,81
5652,81,1,0.012345679012345678,80
5653,47,0,0.0,47
5654,1,0,0.0,1
5655,81,3,0.037037037037037035,78
5656,48,4,0.08333333333333333,44
5657,32,3,0.09375,29
5658,9,0,0.0,9
5659,81,1,0.012345679012345678,80
5660,56,0,0.0,56
5661,61,1,0.01639344262295082,60
5662,61,0,0.0,61
5663,42,0,0.0,42
5664,68,1,0.014705882352941176,67
5665,46,3,0.06521739130434782,43
5666,17,3,0.17647058823529413,14
5667,29,2,0.06896551724137931,27
5668,54,0,0.0,54
5669,21,2,0.09523809523809523,19
5670,81,1,0.012345679012345678,80
5671,53,1,0.018867924528301886,52
5672,77,0,0.0,77
5673,48,4,0.08333333333333333,44
5674,64,2,0.03125,62
5675,42,0,0.0,42
5676,3,0,0.0,3
5677,81,2,0.024691358024691357,79
5678,39,10,0.2564102564102564,29
5679,23,1,0.043478260869565216,22
5680,47,0,0.0,47
5681,38,0,0.0,38
5682,24,8,0.3333333333333333,16
5683,25,3,0.12,22
5684,39,4,0.10256410256410256,35
5685,81,0,0.0,81
5686,65,0,0.0,65
5687,55,1,0.01818181818181818,54
5688,13,1,0.07692307692307693,12
5689,28,3,0.10714285714285714,25
5690,81,0,0.0,81
5691,60,1,0.016666666666666666,59
5692,57,1,0.017543859649122806,56
5693,22,6,0.2727272727272727,16
5694,81,2,0.024691358024691357,79
5695,74,0,0.0,74
5696,79,0,0.0,79
5697,47,1,0.02127659574468085,46
5698,66,0,0.0,66
5699,67,6,0.08955223880597014,61
5700,45,1,0.022222222222222223,44
5701,80,0,0.0,80
5702,8,0,0.0,8
5703,79,0,0.0,79
5704,33,12,0.36363636363636365,21
5705,70,1,0.014285714285714285,69
5706,24,2,0.08333333333333333,22
5707,13,2,0.15384615384615385,11
5708,81,1,0.012345679012345678,80
5709,66,1,0.015151515151515152,65
5710,43,2,0.046511627906976744,41
5711,76,0,0.0,76
5712,18,5,0.2777777777777778,13
5713,81,0,0.0,81
5714,71,1,0.014084507042253521,70
5715,81,0,0.0,81
5716,24,3,0.125,21
5717,7,0,0.0,7
5718,81,0,0.0,81
5719,49,0,0.0,49
5720,81,0,0.0,81
5721,70,1,0.014285714285714285,69
5722,78,76,0.9743589743589743,2
5723,8,1,0.125,7
5724,64,0,0.0,64
5725,42,5,0.11904761904761904,37
5726,50,3,0.06,47
5727,65,1,0.015384615384615385,64
5728,39,1,0.02564102564102564,38
5729,36,5,0.1388888888888889,31
5730,68,0,0.0,68
5731,32,5,0.15625,27
5732,41,4,0.0975609756097561,37
5733,31,1,0.03225806451612903,30
5734,60,4,0.06666666666666667,56
5735,27,4,0.14814814814814814,23
5736,81,1,0.012345679012345678,80
5737,28,9,0.32142857142857145,19
5738,58,1,0.017241379310344827,57
5739,31,1,0.03225806451612903,30
5740,39,6,0.15384615384615385,33
5741,46,4,0.08695652173913043,42
5742,62,1,0.016129032258064516,61
5743,57,2,0.03508771929824561,55
5744,45,6,0.13333333333333333,39
5745,19,0,0.0,19
5746,49,4,0.08163265306122448,45
5747,10,2,0.2,8
5748,65,1,0.015384615384615385,64
5749,74,1,0.013513513513513514,73
5750,71,1,0.014084507042253521,70
5751,40,4,0.1,36
5752,42,2,0.047619047619047616,40
5753,74,0,0.0,74
5754,36,4,0.1111111111111111,32
5755,30,5,0.16666666666666666,25
5756,37,6,0.16216216216216217,31
5757,25,3,0.12,22
5758,42,1,0.023809523809523808,41
5759,78,0,0.0,78
5760,22,0,0.0,22
5761,16,7,0.4375,9
5762,59,0,0.0,59
5763,36,2,0.05555555555555555,34
5764,51,1,0.0196078431372549,50
5765,12,4,0.3333333333333333,8
5766,11,4,0.36363636363636365,7
5767,41,3,0.07317073170731707,38
5768,11,0,0.0,11
5769,28,3,0.10714285714285714,25
5770,9,0,0.0,9
5771,64,0,0.0,64
5772,14,4,0.2857142857142857,10
5773,76,0,0.0,76
5774,43,1,0.023255813953488372,42
5775,80,0,0.0,80
5776,36,4,0.1111111111111111,32
5777,3,3,1.0,0
5778,45,2,0.044444444444444446,43
5779,16,5,0.3125,11
5780,66,2,0.030303030303030304,64
5781,53,4,0.07547169811320754,49
5782,59,2,0.03389830508474576,57
5783,47,2,0.0425531914893617,45
5784,51,1,0.0196078431372549,50
5785,34,1,0.029411764705882353,33
5786,36,2,0.05555555555555555,34
5787,81,0,0.0,81
5788,65,0,0.0,65
5789,15,5,0.3333333333333333,10
5790,38,1,0.02631578947368421,37
5791,12,4,0.3333333333333333,8
5792,49,3,0.061224489795918366,46
5793,81,0,0.0,81
5794,13,7,0.5384615384615384,6
5795,27,4,0.14814814814814814,23
5796,81,2,0.024691358024691357,79
5797,27,4,0.14814814814814814,23
5798,67,1,0.014925373134328358,66
5799,36,5,0.1388888888888889,31
5800,53,2,0.03773584905660377,51
5801,40,1,0.025,39
5802,41,0,0.0,41
5803,27,1,0.037037037037037035,26
5804,13,3,0.23076923076923078,10
5805,10,1,0.1,9
5806,16,3,0.1875,13
5807,14,3,0.21428571428571427,11
5808,79,1,0.012658227848101266,78
5809,31,4,0.12903225806451613,27
5810,12,4,0.3333333333333333,8
5811,24,0,0.0,24
5812,14,3,0.21428571428571427,11
5813,81,0,0.0,81
5814,81,1,0.012345679012345678,80
5815,72,1,0.013888888888888888,71
5816,19,5,0.2631578947368421,14
5817,26,2,0.07692307692307693,24
5818,65,2,0.03076923076923077,63
5819,68,2,0.029411764705882353,66
5820,76,4,0.05263157894736842,72
5821,3,1,0.3333333333333333,2
5822,79,0,0.0,79
5823,57,1,0.017543859649122806,56
5824,81,0,0.0,81
5825,68,0,0.0,68
5826,12,3,0.25,9
5827,81,0,0.0,81
5828,41,2,0.04878048780487805,39
5829,17,1,0.058823529411764705,16
5830,38,6,0.15789473684210525,32
5831,81,0,0.0,81
5832,42,7,0.16666666666666666,35
5833,81,2,0.024691358024691357,79
5834,74,0,0.0,74
5835,43,0,0.0,43
5836,61,0,0.0,61
5837,40,3,0.075,37
5838,57,1,0.017543859649122806,56
5839,10,4,0.4,6
5840,74,3,0.04054054054054054,71
5841,21,5,0.23809523809523808,16
5842,62,3,0.04838709677419355,59
5843,15,4,0.26666666666666666,11
5844,23,4,0.17391304347826086,19
5845,81,0,0.0,81
5846,76,0,0.0,76
5847,71,1,0.014084507042253521,70
5848,46,5,0.10869565217391304,41
5849,79,2,0.02531645569620253,77
5850,37,1,0.02702702702702703,36
5851,67,1,0.014925373134328358,66
5852,72,0,0.0,72
5853,74,0,0.0,74
5854,75,0,0.0,75
5855,63,2,0.031746031746031744,61
5856,44,2,0.045454545454545456,42
5857,8,1,0.125,7
5858,39,1,0.02564102564102564,38
5859,64,1,0.015625,63
5860,54,1,0.018518518518518517,53
5861,34,4,0.11764705882352941,30
5862,31,1,0.03225806451612903,30
5863,81,1,0.012345679012345678,80
5864,60,1,0.016666666666666666,59
5865,24,0,0.0,24
5866,18,3,0.16666666666666666,15
5867,10,2,0.2,8
5868,44,4,0.09090909090909091,40
5869,54,8,0.14814814814814814,46
5870,18,4,0.2222222222222222,14
5871,9,7,0.7777777777777778,2
5872,81,0,0.0,81
5873,79,1,0.012658227848101266,78
5874,81,0,0.0,81
5875,79,1,0.012658227848101266,78
5876,23,1,0.043478260869565216,22
5877,81,0,0.0,81
5878,44,2,0.045454545454545456,42
5879,61,1,0.01639344262295082,60
5880,67,0,0.0,67
5881,81,13,0.16049382716049382,68
5882,38,4,0.10526315789473684,34
5883,42,2,0.047619047619047616,40
5884,13,4,0.3076923076923077,9
5885,10,6,0.6,4
5886,16,2,0.125,14
5887,40,1,0.025,39
5888,16,0,0.0,16
5889,81,0,0.0,81
5890,67,1,0.014925373134328358,66
5891,14,6,0.42857142857142855,8
5892,11,1,0.09090909090909091,10
5893,81,1,0.012345679012345678,80
5894,29,1,0.034482758620689655,28
5895,77,0,0.0,77
5896,29,2,0.06896551724137931,27
5897,36,2,0.05555555555555555,34
5898,26,3,0.11538461538461539,23
5899,33,4,0.12121212121212122,29
5900,4,0,0.0,4
5901,35,2,0.05714285714285714,33
5902,13,5,0.38461538461538464,8
5903,48,2,0.041666666666666664,46
5904,76,0,0.0,76
5905,46,3,0.06521739130434782,43
5906,40,2,0.05,38
5907,16,3,0.1875,13
5908,1,0,0.0,1
5909,30,0,0.0,30
5910,22,0,0.0,22
5911,8,3,0.375,5
5912,47,0,0.0,47
5913,73,1,0.0136986301369863,72
5914,24,7,0.2916666666666667,17
5915,11,1,0.09090909090909091,10
5916,33,2,0.06060606060606061,31
5917,25,2,0.08,23
5918,81,1,0.012345679012345678,80
5919,69,0,0.0,69
5920,81,0,0.0,81
5921,35,22,0.6285714285714286,13
5922,4,1,0.25,3
5923,79,0,0.0,79
5924,19,3,0.15789473684210525,16
5925,80,1,0.0125,79
5926,81,0,0.0,81
5927,35,7,0.2,28
5928,31,3,0.0967741935483871,28
5929,81,1,0.012345679012345678,80
5930,31,2,0.06451612903225806,29
5931,21,2,0.09523809523809523,19
5932,81,4,0.04938271604938271,77
5933,5,5,1.0,0
5934,81,0,0.0,81
5935,17,4,0.23529411764705882,13
5936,45,7,0.15555555555555556,38
5937,23,3,0.13043478260869565,20
5938,9,0,0.0,9
5939,18,0,0.0,18
5940,18,4,0.2222222222222222,14
5941,18,1,0.05555555555555555,17
5942,10,1,0.1,9
5943,27,4,0.14814814814814814,23
5944,24,2,0.08333333333333333,22
5945,22,4,0.18181818181818182,18
5946,40,0,0.0,40
5947,81,1,0.012345679012345678,80
5948,81,1,0.012345679012345678,80
5949,36,6,0.16666666666666666,30
5950,81,78,0.9629629629629629,3
5951,18,1,0.05555555555555555,17
5952,29,4,0.13793103448275862,25
5953,52,6,0.11538461538461539,46
5954,45,4,0.08888888888888889,41
5955,17,4,0.23529411764705882,13
5956,38,4,0.10526315789473684,34
5957,81,0,0.0,81
5958,49,5,0.10204081632653061,44
5959,38,0,0.0,38
5960,69,0,0.0,69
5961,16,3,0.1875,13
5962,17,4,0.23529411764705882,13
5963,19,0,0.0,19
5964,62,1,0.016129032258064516,61
5965,70,0,0.0,70
5966,16,3,0.1875,13
5967,17,6,0.35294117647058826,11
5968,59,1,0.01694915254237288,58
5969,48,4,0.08333333333333333,44
5970,68,2,0.029411764705882353,66
5971,31,3,0.0967741935483871,28
5972,17,4,0.23529411764705882,13
5973,64,0,0.0,64
5974,36,0,0.0,36
5975,63,1,0.015873015873015872,62
5976,67,1,0.014925373134328358,66
5977,41,3,0.07317073170731707,38
5978,33,0,0.0,33
5979,34,0,0.0,34
5980,78,0,0.0,78
5981,50,2,0.04,48
5982,26,3,0.11538461538461539,23
5983,42,6,0.14285714285714285,36
5984,2,1,0.5,1
5985,70,2,0.02857142857142857,68
5986,37,0,0.0,37
5987,33,1,0.030303030303030304,32
5988,81,0,0.0,81
5989,24,6,0.25,18
5990,81,4,0.04938271604938271,77
5991,31,5,0.16129032258064516,26
5992,24,1,0.041666666666666664,23
5993,46,0,0.0,46
5994,38,0,0.0,38
5995,36,1,0.027777777777777776,35
5996,79,1,0.012658227848101266,78
5997,81,0,0.0,81
5998,15,0,0.0,15
5999,27,5,0.18518518518518517,22
6000,80,0,0.0,80
6001,81,18,0.2222222222222222,63
6002,16,4,0.25,12
6003,35,3,0.08571428571428572,32
6004,60,3,0.05,57
6005,67,0,0.0,67
6006,22,0,0.0,22
6007,41,1,0.024390243902439025,40
6008,81,2,0.024691358024691357,79
6009,23,3,0.13043478260869565,20
6010,75,0,0.0,75
6011,10,0,0.0,10
6012,25,5,0.2,20
6013,81,81,1.0,0
6014,31,0,0.0,31
6015,42,1,0.023809523809523808,41
6016,54,0,0.0,54
6017,76,0,0.0,76
6018,67,2,0.029850746268656716,65
6019,78,0,0.0,78
6020,19,0,0.0,19
6021,5,4,0.8,1
6022,49,2,0.04081632653061224,47
6023,6,0,0.0,6
6024,59,0,0.0,59
6025,9,1,0.1111111111111111,8
6026,40,4,0.1,36
6027,77,1,0.012987012987012988,76
6028,6,1,0.16666666666666666,5
6029,15,2,0.13333333333333333,13
6030,20,3,0.15,17
6031,22,1,0.045454545454545456,21
6032,25,1,0.04,24
6033,55,1,0.01818181818181818,54
6034,81,2,0.024691358024691357,79
6035,76,3,0.039473684210526314,73
6036,19,2,0.10526315789473684,17
6037,9,0,0.0,9
6038,15,5,0.3333333333333333,10
6039,37,0,0.0,37
6040,41,6,0.14634146341463414,35
6041,38,0,0.0,38
6042,51,3,0.058823529411764705,48
6043,59,0,0.0,59
6044,68,1,0.014705882352941176,67
6045,27,5,0.18518518518518517,22
6046,66,1,0.015151515151515152,65
6047,81,0,0.0,81
6048,81,1,0.012345679012345678,80
6049,70,0,0.0,70
6050,46,2,0.043478260869565216,44
6051,81,0,0.0,81
6052,72,1,0.013888888888888888,71
6053,64,1,0.015625,63
6054,80,1,0.0125,79
6055,36,0,0.0,36
6056,22,3,0.13636363636363635,19
6057,81,1,0.012345679012345678,80
6058,79,0,0.0,79
6059,53,1,0.018867924528301886,52
6060,81,0,0.0,81
6061,7,0,0.0,7
6062,40,0,0.0,40
6063,46,0,0.0,46
6064,23,5,0.21739130434782608,18
6065,70,4,0.05714285714285714,66
6066,72,1,0.013888888888888888,71
6067,36,0,0.0,36
6068,15,8,0.5333333333333333,7
6069,57,0,0.0,57
6070,26,3,0.11538461538461539,23
6071,81,0,0.0,81
6072,81,0,0.0,81
6073,48,2,0.041666666666666664,46
6074,64,0,0.0,64
6075,12,0,0.0,12
6076,39,2,0.05128205128205128,37
6077,45,22,0.4888888888888889,23
6078,58,1,0.017241379310344827,57
6079,40,5,0.125,35
6080,59,1,0.01694915254237288,58
6081,68,2,0.029411764705882353,66
6082,81,3,0.037037037037037035,78
6083,81,1,0.012345679012345678,80
6084,11,5,0.45454545454545453,6
6085,43,6,0.13953488372093023,37
6086,62,1,0.016129032258064516,61
6087,81,0,0.0,81
6088,32,1,0.03125,31
6089,32,4,0.125,28
6090,14,5,0.35714285714285715,9
6091,14,6,0.42857142857142855,8
6092,77,0,0.0,77
6093,18,5,0.2777777777777778,13
6094,26,1,0.038461538461538464,25
6095,19,4,0.21052631578947367,15
6096,48,6,0.125,42
6097,12,0,0.0,12
6098,49,2,0.04081632653061224,47
6099,15,8,0.5333333333333333,7
6100,29,4,0.13793103448275862,25
6101,43,2,0.046511627906976744,41
6102,9,6,0.6666666666666666,3
6103,68,3,0.04411764705882353,65
6104,80,0,0.0,80
6105,7,2,0.2857142857142857,5
6106,69,2,0.028985507246376812,67
6107,2,0,0.0,2
6108,20,2,0.1,18
6109,25,8,0.32,17
6110,26,0,0.0,26
6111,22,1,0.045454545454545456,21
6112,69,2,0.028985507246376812,67
6113,9,1,0.1111111111111111,8
6114,81,8,0.09876543209876543,73
6115,68,0,0.0,68
6116,40,3,0.075,37
6117,81,0,0.0,81
6118,80,0,0.0,80
6119,22,2,0.09090909090909091,20
6120,37,5,0.13513513513513514,32
6121,72,1,0.013888888888888888,71
6122,48,4,0.08333333333333333,44
6123,54,0,0.0,54
6124,37,5,0.13513513513513514,32
6125,23,4,0.17391304347826086,19
6126,81,0,0.0,81
6127,47,4,0.0851063829787234,43
6128,39,2,0.05128205128205128,37
6129,48,3,0.0625,45
6130,29,5,0.1724137931034483,24
6131,26,2,0.07692307692307693,24
6132,9,3,0.3333333333333333,6
6133,39,8,0.20512820512820512,31
6134,39,5,0.1282051282051282,34
6135,65,4,0.06153846153846154,61
6136,18,3,0.16666666666666666,15
6137,59,1,0.01694915254237288,58
6138,46,3,0.06521739130434782,43
6139,81,47,0.5802469135802469,34
6140,47,0,0.0,47
6141,80,0,0.0,80
6142,32,3,0.09375,29
6143,71,1,0.014084507042253521,70
6144,64,2,0.03125,62
6145,17,5,0.29411764705882354,12
6146,35,5,0.14285714285714285,30
6147,47,7,0.14893617021276595,40
6148,28,4,0.14285714285714285,24
6149,23,2,0.08695652173913043,21
6150,57,1,0.017543859649122806,56
6151,71,0,0.0,71
6152,24,2,0.08333333333333333,22
6153,11,0,0.0,11
6154,81,0,0.0,81
6155,79,0,0.0,79
6156,9,9,1.0,0
6157,32,3,0.09375,29
6158,81,1,0.012345679012345678,80
6159,33,6,0.18181818181818182,27
6160,79,0,0.0,79
6161,75,0,0.0,75
6162,59,1,0.01694915254237288,58
6163,41,3,0.07317073170731707,38
6164,78,1,0.01282051282051282,77
6165,81,0,0.0,81
6166,71,0,0.0,71
6167,54,0,0.0,54
6168,69,0,0.0,69
6169,22,2,0.09090909090909091,20
6170,32,6,0.1875,26
6171,67,1,0.014925373134328358,66
6172,25,0,0.0,25
6173,81,1,0.012345679012345678,80
6174,17,2,0.11764705882352941,15
6175,13,3,0.23076923076923078,10
6176,56,3,0.05357142857142857,53
6177,79,0,0.0,79
6178,17,0,0.0,17
6179,81,1,0.012345679012345678,80
6180,12,1,0.08333333333333333,11
6181,40,2,0.05,38
6182,81,1,0.012345679012345678,80
6183,57,2,0.03508771929824561,55
6184,65,1,0.015384615384615385,64
6185,33,2,0.06060606060606061,31
6186,28,0,0.0,28
6187,80,1,0.0125,79
6188,18,1,0.05555555555555555,17
6189,26,1,0.038461538461538464,25
6190,26,2,0.07692307692307693,24
6191,47,1,0.02127659574468085,46
6192,79,1,0.012658227848101266,78
6193,81,0,0.0,81
6194,81,7,0.08641975308641975,74
6195,54,6,0.1111111111111111,48
6196,81,0,0.0,81
6197,81,3,0.037037037037037035,78
6198,11,0,0.0,11
6199,20,0,0.0,20
6200,23,5,0.21739130434782608,18
6201,76,4,0.05263157894736842,72
6202,81,1,0.012345679012345678,80
6203,11,4,0.36363636363636365,7
6204,6,4,0.6666666666666666,2
6205,52,3,0.057692307692307696,49
6206,69,0,0.0,69
6207,17,5,0.29411764705882354,12
6208,19,4,0.21052631578947367,15
6209,57,3,0.05263157894736842,54
6210,27,2,0.07407407407407407,25
6211,61,56,0.9180327868852459,5
6212,30,8,0.26666666666666666,22
6213,54,1,0.018518518518518517,53
6214,47,1,0.02127659574468085,46
6215,23,2,0.08695652173913043,21
6216,38,4,0.10526315789473684,34
6217,63,1,0.015873015873015872,62
6218,25,2,0.08,23
6219,36,2,0.05555555555555555,34
6220,65,1,0.015384615384615385,64
6221,81,1,0.012345679012345678,80
6222,81,0,0.0,81
6223,69,1,0.014492753623188406,68
6224,48,1,0.020833333333333332,47
6225,81,0,0.0,81
6226,73,0,0.0,73
6227,29,4,0.13793103448275862,25
6228,81,1,0.012345679012345678,80
6229,67,0,0.0,67
6230,81,3,0.037037037037037035,78
6231,59,2,0.03389830508474576,57
6232,19,2,0.10526315789473684,17
6233,6,0,0.0,6
6234,72,1,0.013888888888888888,71
6235,81,1,0.012345679012345678,80
6236,31,0,0.0,31
6237,64,3,0.046875,61
6238,10,1,0.1,9
6239,81,2,0.024691358024691357,79
6240,7,4,0.5714285714285714,3
6241,52,0,0.0,52
6242,40,2,0.05,38
6243,30,1,0.03333333333333333,29
6244,26,5,0.19230769230769232,21
6245,46,2,0.043478260869565216,44
6246,17,1,0.058823529411764705,16
6247,53,1,0.018867924528301886,52
6248,31,6,0.1935483870967742,25
6249,18,1,0.05555555555555555,17
6250,40,0,0.0,40
6251,24,0,0.0,24
6252,51,1,0.0196078431372549,50
6253,25,0,0.0,25
6254,81,3,0.037037037037037035,78
6255,28,5,0.17857142857142858,23
6256,33,0,0.0,33
6257,77,0,0.0,77
6258,38,2,0.05263157894736842,36
6259,81,0,0.0,81
6260,81,1,0.012345679012345678,80
6261,12,6,0.5,6
6262,14,4,0.2857142857142857,10
6263,81,1,0.012345679012345678,80
6264,19,7,0.3684210526315789,12
6265,23,2,0.08695652173913043,21
6266,10,1,0.1,9
6267,31,1,0.03225806451612903,30
6268,75,0,0.0,75
6269,28,2,0.07142857142857142,26
6270,17,4,0.23529411764705882,13
6271,79,0,0.0,79
6272,12,6,0.5,6
6273,26,1,0.038461538461538464,25
6274,66,1,0.015151515151515152,65
6275,5,3,0.6,2
6276,25,2,0.08,23
6277,81,1,0.012345679012345678,80
6278,81,1,0.012345679012345678,80
6279,81,1,0.012345679012345678,80
6280,70,0,0.0,70
6281,37,0,0.0,37
6282,81,1,0.012345679012345678,80
6283,74,1,0.013513513513513514,73
6284,81,0,0.0,81
6285,49,1,0.02040816326530612,48
6286,31,1,0.03225806451612903,30
6287,75,0,0.0,75
6288,17,3,0.17647058823529413,14
6289,55,2,0.03636363636363636,53
6290,19,2,0.10526315789473684,17
6291,48,2,0.041666666666666664,46
6292,73,1,0.0136986301369863,72
6293,49,4,0.08163265306122448,45
6294,47,5,0.10638297872340426,42
6295,54,1,0.018518518518518517,53
6296,52,4,0.07692307692307693,48
6297,43,2,0.046511627906976744,41
6298,37,2,0.05405405405405406,35
6299,21,6,0.2857142857142857,15
6300,81,0,0.0,81
6301,20,5,0.25,15
6302,22,1,0.045454545454545456,21
6303,11,5,0.45454545454545453,6
6304,11,4,0.36363636363636365,7
6305,6,1,0.16666666666666666,5
6306,43,2,0.046511627906976744,41
6307,17,5,0.29411764705882354,12
6308,43,4,0.09302325581395349,39
6309,38,3,0.07894736842105263,35
6310,55,3,0.05454545454545454,52
6311,55,1,0.01818181818181818,54
6312,44,0,0.0,44
6313,26,0,0.0,26
6314,45,3,0.06666666666666667,42
6315,40,3,0.075,37
6316,48,0,0.0,48
6317,69,2,0.028985507246376812,67
6318,71,0,0.0,71
6319,59,1,0.01694915254237288,58
6320,50,8,0.16,42
6321,76,76,1.0,0
6322,34,4,0.11764705882352941,30
6323,62,1,0.016129032258064516,61
6324,34,0,0.0,34
6325,59,2,0.03389830508474576,57
6326,47,2,0.0425531914893617,45
6327,28,0,0.0,28
6328,17,1,0.058823529411764705,16
6329,81,0,0.0,81
6330,51,2,0.0392156862745098,49
6331,44,3,0.06818181818181818,41
6332,14,1,0.07142857142857142,13
6333,23,0,0.0,23
6334,30,2,0.06666666666666667,28
6335,23,3,0.13043478260869565,20
6336,81,0,0.0,81
6337,36,4,0.1111111111111111,32
6338,71,2,0.028169014084507043,69
6339,69,1,0.014492753623188406,68
6340,19,9,0.47368421052631576,10
6341,73,0,0.0,73
6342,51,0,0.0,51
6343,15,8,0.5333333333333333,7
6344,61,2,0.03278688524590164,59
6345,7,3,0.42857142857142855,4
6346,35,0,0.0,35
6347,27,2,0.07407407407407407,25
6348,9,0,0.0,9
6349,46,2,0.043478260869565216,44
6350,44,1,0.022727272727272728,43
6351,28,0,0.0,28
6352,81,0,0.0,81
6353,61,1,0.01639344262295082,60
6354,22,6,0.2727272727272727,16
6355,39,6,0.15384615384615385,33
6356,62,2,0.03225806451612903,60
6357,9,0,0.0,9
6358,34,3,0.08823529411764706,31
6359,42,1,0.023809523809523808,41
6360,35,0,0.0,35
6361,57,0,0.0,57
6362,51,1,0.0196078431372549,50
6363,70,2,0.02857142857142857,68
6364,31,2,0.06451612903225806,29
6365,30,2,0.06666666666666667,28
6366,69,5,0.07246376811594203,64
6367,14,8,0.5714285714285714,6
6368,5,1,0.2,4
6369,81,0,0.0,81
6370,38,0,0.0,38
6371,80,2,0.025,78
6372,78,2,0.02564102564102564,76
6373,29,2,0.06896551724137931,27
6374,43,5,0.11627906976744186,38
6375,43,4,0.09302325581395349,39
6376,81,0,0.0,81
6377,81,0,0.0,81
6378,58,1,0.017241379310344827,57
6379,43,4,0.09302325581395349,39
6380,48,1,0.020833333333333332,47
6381,20,2,0.1,18
6382,74,0,0.0,74
6383,52,0,0.0,52
6384,15,1,0.06666666666666667,14
6385,19,4,0.21052631578947367,15
6386,20,5,0.25,15
6387,81,0,0.0,81
6388,22,0,0.0,22
6389,81,30,0.37037037037037035,51
6390,81,0,0.0,81
6391,81,0,0.0,81
6392,44,4,0.09090909090909091,40
6393,28,8,0.2857142857142857,20
6394,33,0,0.0,33
6395,81,0,0.0,81
6396,52,0,0.0,52
6397,81,81,1.0,0
6398,11,6,0.5454545454545454,5
6399,54,1,0.018518518518518517,53
6400,12,0,0.0,12
6401,80,3,0.0375,77
6402,72,0,0.0,72
6403,15,2,0.13333333333333333,13
6404,8,8,1.0,0
6405,18,3,0.16666666666666666,15
6406,37,1,0.02702702702702703,36
6407,31,6,0.1935483870967742,25
6408,14,7,0.5,7
6409,9,3,0.3333333333333333,6
6410,28,0,0.0,28
6411,47,1,0.02127659574468085,46
6412,53,2,0.03773584905660377,51
6413,43,1,0.023255813953488372,42
6414,44,43,0.9772727272727273,1
6415,8,2,0.25,6
6416,41,0,0.0,41
6417,37,3,0.08108108108108109,34
6418,24,1,0.041666666666666664,23
6419,12,0,0.0,12
6420,46,3,0.06521739130434782,43
6421,32,1,0.03125,31
6422,50,1,0.02,49
6423,32,2,0.0625,30
6424,25,5,0.2,20
6425,81,20,0.24691358024691357,61
6426,69,1,0.014492753623188406,68
6427,28,3,0.10714285714285714,25
6428,70,1,0.014285714285714285,69
6429,28,0,0.0,28
6430,37,2,0.05405405405405406,35
6431,81,0,0.0,81
6432,81,1,0.012345679012345678,80
6433,30,1,0.03333333333333333,29
6434,17,7,0.4117647058823529,10
6435,24,6,0.25,18
6436,50,1,0.02,49
6437,75,1,0.013333333333333334,74
6438,36,4,0.1111111111111111,32
6439,18,2,0.1111111111111111,16
6440,59,2,0.03389830508474576,57
6441,32,1,0.03125,31
6442,73,2,0.0273972602739726,71
6443,23,6,0.2608695652173913,17
6444,81,1,0.012345679012345678,80
6445,42,1,0.023809523809523808,41
6446,14,5,0.35714285714285715,9
6447,23,0,0.0,23
6448,48,1,0.020833333333333332,47
6449,68,2,0.029411764705882353,66
6450,72,0,0.0,72
6451,40,0,0.0,40
6452,81,0,0.0,81
6453,7,6,0.8571428571428571,1
6454,56,0,0.0,56
6455,31,6,0.1935483870967742,25
6456,7,3,0.42857142857142855,4
6457,22,1,0.045454545454545456,21
6458,38,5,0.13157894736842105,33
6459,81,1,0.012345679012345678,80
6460,81,0,0.0,81
6461,17,5,0.29411764705882354,12
6462,81,0,0.0,81
6463,10,7,0.7,3
6464,5,2,0.4,3
6465,18,1,0.05555555555555555,17
6466,23,0,0.0,23
6467,81,0,0.0,81
6468,7,7,1.0,0
6469,79,3,0.0379746835443038,76
6470,24,8,0.3333333333333333,16
6471,42,2,0.047619047619047616,40
6472,27,1,0.037037037037037035,26
6473,75,0,0.0,75
6474,43,0,0.0,43
6475,56,2,0.03571428571428571,54
6476,81,0,0.0,81
6477,13,4,0.3076923076923077,9
6478,23,4,0.17391304347826086,19
6479,9,3,0.3333333333333333,6
6480,38,1,0.02631578947368421,37
6481,19,8,0.42105263157894735,11
6482,76,1,0.013157894736842105,75
6483,22,1,0.045454545454545456,21
6484,74,1,0.013513513513513514,73
6485,71,0,0.0,71
6486,48,4,0.08333333333333333,44
6487,39,1,0.02564102564102564,38
6488,52,4,0.07692307692307693,48
6489,18,4,0.2222222222222222,14
6490,22,0,0.0,22
6491,30,2,0.06666666666666667,28
6492,36,0,0.0,36
6493,81,1,0.012345679012345678,80
6494,19,0,0.0,19
6495,81,0,0.0,81
6496,79,0,0.0,79
6497,58,2,0.034482758620689655,56
6498,17,7,0.4117647058823529,10
6499,33,0,0.0,33
6500,31,3,0.0967741935483871,28
6501,81,0,0.0,81
6502,34,4,0.11764705882352941,30
6503,49,0,0.0,49
6504,21,4,0.19047619047619047,17
6505,17,3,0.17647058823529413,14
6506,4,1,0.25,3
6507,63,1,0.015873015873015872,62
6508,63,4,0.06349206349206349,59
6509,51,5,0.09803921568627451,46
6510,48,4,0.08333333333333333,44
6511,8,0,0.0,8
6512,64,1,0.015625,63
6513,28,3,0.10714285714285714,25
6514,55,2,0.03636363636363636,53
6515,31,1,0.03225806451612903,30
6516,8,8,1.0,0
6517,78,1,0.01282051282051282,77
6518,43,0,0.0,43
6519,81,0,0.0,81
6520,40,6,0.15,34
6521,4,0,0.0,4
6522,41,5,0.12195121951219512,36
6523,44,0,0.0,44
6524,69,1,0.014492753623188406,68
6525,41,3,0.07317073170731707,38
6526,69,2,0.028985507246376812,67
6527,11,2,0.18181818181818182,9
6528,51,3,0.058823529411764705,48
6529,66,1,0.015151515151515152,65
6530,25,6,0.24,19
6531,37,5,0.13513513513513514,32
6532,50,1,0.02,49
6533,74,1,0.013513513513513514,73
6534,36,0,0.0,36
6535,25,4,0.16,21
6536,41,5,0.12195121951219512,36
6537,29,4,0.13793103448275862,25
6538,13,0,0.0,13
6539,22,3,0.13636363636363635,19
6540,81,0,0.0,81
6541,34,0,0.0,34
6542,28,1,0.03571428571428571,27
6543,40,4,0.1,36
6544,30,2,0.06666666666666667,28
6545,9,0,0.0,9
6546,43,7,0.16279069767441862,36
6547,36,2,0.05555555555555555,34
6548,38,1,0.02631578947368421,37
6549,29,4,0.13793103448275862,25
6550,81,3,0.037037037037037035,78
6551,38,3,0.07894736842105263,35
6552,15,2,0.13333333333333333,13
6553,36,0,0.0,36
6554,80,0,0.0,80
6555,74,1,0.013513513513513514,73
6556,54,2,0.037037037037037035,52
6557,57,1,0.017543859649122806,56
6558,41,1,0.024390243902439025,40
6559,79,0,0.0,79
6560,31,4,0.12903225806451613,27
6561,68,0,0.0,68
6562,25,1,0.04,24
6563,54,0,0.0,54
6564,39,1,0.02564102564102564,38
6565,60,0,0.0,60
6566,36,0,0.0,36
6567,37,4,0.10810810810810811,33
6568,16,3,0.1875,13
6569,54,4,0.07407407407407407,50
6570,8,2,0.25,6
6571,81,1,0.012345679012345678,80
6572,19,7,0.3684210526315789,12
6573,34,3,0.08823529411764706,31
6574,52,2,0.038461538461538464,50
6575,79,1,0.012658227848101266,78
6576,57,3,0.05263157894736842,54
6577,34,0,0.0,34
6578,37,0,0.0,37
6579,17,5,0.29411764705882354,12
6580,79,0,0.0,79
6581,80,1,0.0125,79
6582,77,0,0.0,77
6583,71,0,0.0,71
6584,61,1,0.01639344262295082,60
6585,74,1,0.013513513513513514,73
6586,26,6,0.23076923076923078,20
6587,47,5,0.10638297872340426,42
6588,80,15,0.1875,65
6589,32,4,0.125,28
6590,7,1,0.14285714285714285,6
6591,47,2,0.0425531914893617,45
6592,42,3,0.07142857142857142,39
6593,39,6,0.15384615384615385,33
6594,30,2,0.06666666666666667,28
6595,63,1,0.015873015873015872,62
6596,19,3,0.15789473684210525,16
6597,38,3,0.07894736842105263,35
6598,30,2,0.06666666666666667,28
6599,32,1,0.03125,31
6600,81,0,0.0,81
6601,52,2,0.038461538461538464,50
6602,22,2,0.09090909090909091,20
6603,64,2,0.03125,62
6604,46,3,0.06521739130434782,43
6605,22,3,0.13636363636363635,19
6606,35,3,0.08571428571428572,32
6607,27,5,0.18518518518518517,22
6608,81,0,0.0,81
6609,39,1,0.02564102564102564,38
6610,74,0,0.0,74
6611,28,3,0.10714285714285714,25
6612,37,3,0.08108108108108109,34
6613,56,1,0.017857142857142856,55
6614,44,3,0.06818181818181818,41
6615,7,0,0.0,7
6616,77,1,0.012987012987012988,76
6617,12,0,0.0,12
6618,54,1,0.018518518518518517,53
6619,67,4,0.05970149253731343,63
6620,42,5,0.11904761904761904,37
6621,70,0,0.0,70
6622,27,2,0.07407407407407407,25
6623,81,3,0.037037037037037035,78
6624,56,2,0.03571428571428571,54
6625,58,3,0.05172413793103448,55
6626,27,2,0.07407407407407407,25
6627,40,8,0.2,32
6628,56,2,0.03571428571428571,54
6629,59,3,0.05084745762711865,56
6630,43,7,0.16279069767441862,36
6631,46,3,0.06521739130434782,43
6632,37,3,0.08108108108108109,34
6633,42,2,0.047619047619047616,40
6634,3,1,0.3333333333333333,2
6635,8,7,0.875,1
6636,47,1,0.02127659574468085,46
6637,47,6,0.1276595744680851,41
6638,37,0,0.0,37
6639,12,3,0.25,9
6640,36,2,0.05555555555555555,34
6641,55,3,0.05454545454545454,52
6642,35,3,0.08571428571428572,32
6643,33,4,0.12121212121212122,29
6644,60,1,0.016666666666666666,59
6645,81,2,0.024691358024691357,79
6646,14,4,0.2857142857142857,10
6647,46,3,0.06521739130434782,43
6648,54,2,0.037037037037037035,52
6649,12,4,0.3333333333333333,8
6650,19,3,0.15789473684210525,16
6651,27,0,0.0,27
6652,40,2,0.05,38
6653,81,0,0.0,81
6654,78,0,0.0,78
6655,11,1,0.09090909090909091,10
6656,20,4,0.2,16
6657,34,0,0.0,34
6658,81,4,0.04938271604938271,77
6659,20,4,0.2,16
6660,30,7,0.23333333333333334,23
6661,1,0,0.0,1
6662,10,8,0.8,2
6663,27,0,0.0,27
6664,13,4,0.3076923076923077,9
6665,68,0,0.0,68
6666,13,3,0.23076923076923078,10
6667,41,7,0.17073170731707318,34
6668,20,1,0.05,19
6669,57,1,0.017543859649122806,56
6670,71,1,0.014084507042253521,70
6671,30,1,0.03333333333333333,29
6672,38,1,0.02631578947368421,37
6673,81,69,0.8518518518518519,12
6674,81,0,0.0,81
6675,38,8,0.21052631578947367,30
6676,15,2,0.13333333333333333,13
6677,41,7,0.17073170731707318,34
6678,29,3,0.10344827586206896,26
6679,32,1,0.03125,31
6680,81,1,0.012345679012345678,80
6681,15,7,0.4666666666666667,8
6682,43,1,0.023255813953488372,42
6683,23,0,0.0,23
6684,17,1,0.058823529411764705,16
6685,4,1,0.25,3
6686,55,2,0.03636363636363636,53
6687,11,0,0.0,11
6688,37,3,0.08108108108108109,34
6689,25,1,0.04,24
6690,38,2,0.05263157894736842,36
6691,10,2,0.2,8
6692,26,5,0.19230769230769232,21
6693,14,6,0.42857142857142855,8
6694,71,1,0.014084507042253521,70
6695,81,0,0.0,81
6696,24,7,0.2916666666666667,17
6697,21,1,0.047619047619047616,20
6698,58,0,0.0,58
6699,81,0,0.0,81
6700,40,3,0.075,37
6701,13,8,0.6153846153846154,5
6702,54,1,0.018518518518518517,53
6703,81,1,0.012345679012345678,80
6704,19,0,0.0,19
6705,53,3,0.05660377358490566,50
6706,20,4,0.2,16
6707,52,0,0.0,52
6708,68,0,0.0,68
6709,81,1,0.012345679012345678,80
6710,43,1,0.023255813953488372,42
6711,13,0,0.0,13
6712,81,0,0.0,81
6713,14,4,0.2857142857142857,10
6714,23,5,0.21739130434782608,18
6715,77,0,0.0,77
6716,38,2,0.05263157894736842,36
6717,17,2,0.11764705882352941,15
6718,46,6,0.13043478260869565,40
6719,33,3,0.09090909090909091,30
6720,30,3,0.1,27
6721,16,3,0.1875,13
6722,23,1,0.043478260869565216,22
6723,81,0,0.0,81
6724,40,2,0.05,38
6725,48,2,0.041666666666666664,46
6726,30,4,0.13333333333333333,26
6727,81,0,0.0,81
6728,39,7,0.1794871794871795,32
6729,32,2,0.0625,30
6730,81,0,0.0,81
6731,31,7,0.22580645161290322,24
6732,47,2,0.0425531914893617,45
6733,77,1,0.012987012987012988,76
6734,81,1,0.012345679012345678,80
6735,31,3,0.0967741935483871,28
6736,44,0,0.0,44
6737,81,1,0.012345679012345678,80
6738,75,0,0.0,75
6739,66,2,0.030303030303030304,64
6740,68,1,0.014705882352941176,67
6741,32,2,0.0625,30
6742,54,1,0.018518518518518517,53
6743,50,3,0.06,47
6744,80,0,0.0,80
6745,45,1,0.022222222222222223,44
6746,50,3,0.06,47
6747,21,4,0.19047619047619047,17
6748,7,0,0.0,7
6749,76,1,0.013157894736842105,75
6750,66,0,0.0,66
6751,20,8,0.4,12
6752,25,0,0.0,25
6753,56,1,0.017857142857142856,55
6754,72,0,0.0,72
6755,62,1,0.016129032258064516,61
6756,30,3,0.1,27
6757,24,1,0.041666666666666664,23
6758,17,2,0.11764705882352941,15
6759,34,4,0.11764705882352941,30
6760,38,1,0.02631578947368421,37
6761,80,3,0.0375,77
6762,60,3,0.05,57
6763,36,4,0.1111111111111111,32
6764,11,0,0.0,11
6765,81,39,0.48148148148148145,42
6766,66,3,0.045454545454545456,63
6767,16,7,0.4375,9
6768,77,0,0.0,77
6769,81,2,0.024691358024691357,79
6770,56,1,0.017857142857142856,55
6771,20,7,0.35,13
6772,7,0,0.0,7
6773,45,3,0.06666666666666667,42
6774,81,6,0.07407407407407407,75
6775,36,1,0.027777777777777776,35
6776,75,0,0.0,75
6777,58,3,0.05172413793103448,55
6778,37,0,0.0,37
6779,8,0,0.0,8
6780,54,0,0.0,54
6781,70,0,0.0,70
6782,29,0,0.0,29
6783,43,0,0.0,43
6784,46,0,0.0,46
6785,18,3,0.16666666666666666,15
6786,56,4,0.07142857142857142,52
6787,19,5,0.2631578947368421,14
6788,72,72,1.0,0
6789,11,4,0.36363636363636365,7
6790,63,0,0.0,63
6791,76,1,0.013157894736842105,75
6792,59,4,0.06779661016949153,55
6793,49,2,0.04081632653061224,47
6794,10,0,0.0,10
6795,12,5,0.4166666666666667,7
6796,51,1,0.0196078431372549,50
6797,38,4,0.10526315789473684,34
6798,79,0,0.0,79
6799,72,0,0.0,72
6800,16,6,0.375,10
6801,28,3,0.10714285714285714,25
6802,34,1,0.029411764705882353,33
6803,35,4,0.11428571428571428,31
6804,22,0,0.0,22
6805,8,0,0.0,8
6806,75,0,0.0,75
6807,12,0,0.0,12
6808,13,0,0.0,13
6809,23,0,0.0,23
6810,49,4,0.08163265306122448,45
6811,30,0,0.0,30
6812,81,0,0.0,81
6813,29,7,0.2413793103448276,22
6814,75,0,0.0,75
6815,21,4,0.19047619047619047,17
6816,81,1,0.012345679012345678,80
6817,81,4,0.04938271604938271,77
6818,20,0,0.0,20
6819,34,3,0.08823529411764706,31
6820,60,4,0.06666666666666667,56
6821,70,0,0.0,70
6822,27,0,0.0,27
6823,51,2,0.0392156862745098,49
6824,43,1,0.023255813953488372,42
6825,79,2,0.02531645569620253,77
6826,67,1,0.014925373134328358,66
6827,76,0,0.0,76
6828,79,0,0.0,79
6829,13,2,0.15384615384615385,11
6830,81,0,0.0,81
6831,56,0,0.0,56
6832,81,0,0.0,81
6833,48,2,0.041666666666666664,46
6834,17,0,0.0,17
6835,68,0,0.0,68
6836,12,3,0.25,9
6837,78,0,0.0,78
6838,32,3,0.09375,29
6839,11,1,0.09090909090909091,10
6840,11,0,0.0,11
6841,35,4,0.11428571428571428,31
6842,37,4,0.10810810810810811,33
6843,14,0,0.0,14
6844,39,1,0.02564102564102564,38
6845,51,0,0.0,51
6846,5,1,0.2,4
6847,45,2,0.044444444444444446,43
6848,56,1,0.017857142857142856,55
6849,77,0,0.0,77
6850,65,1,0.015384615384615385,64
6851,47,1,0.02127659574468085,46
6852,17,6,0.35294117647058826,11
6853,81,0,0.0,81
6854,52,4,0.07692307692307693,48
6855,42,5,0.11904761904761904,37
6856,14,1,0.07142857142857142,13
6857,43,3,0.06976744186046512,40
6858,9,1,0.1111111111111111,8
6859,38,6,0.15789473684210525,32
6860,36,0,0.0,36
6861,37,3,0.08108108108108109,34
6862,81,0,0.0,81
6863,77,0,0.0,77
6864,24,3,0.125,21
6865,79,0,0.0,79
6866,29,5,0.1724137931034483,24
6867,15,1,0.06666666666666667,14
6868,33,1,0.030303030303030304,32
6869,56,7,0.125,49
6870,70,0,0.0,70
6871,69,1,0.014492753623188406,68
6872,78,1,0.01282051282051282,77
6873,29,3,0.10344827586206896,26
6874,63,1,0.015873015873015872,62
6875,47,2,0.0425531914893617,45
6876,55,4,0.07272727272727272,51
6877,49,1,0.02040816326530612,48
6878,67,3,0.04477611940298507,64
6879,43,5,0.11627906976744186,38
6880,15,2,0.13333333333333333,13
6881,57,1,0.017543859649122806,56
6882,23,1,0.043478260869565216,22
6883,44,5,0.11363636363636363,39
6884,15,2,0.13333333333333333,13
6885,81,1,0.012345679012345678,80
6886,16,8,0.5,8
6887,54,3,0.05555555555555555,51
6888,81,1,0.012345679012345678,80
6889,80,0,0.0,80
6890,9,4,0.4444444444444444,5
6891,37,7,0.1891891891891892,30
6892,81,0,0.0,81
6893,20,0,0.0,20
6894,57,1,0.017543859649122806,56
6895,81,0,0.0,81
6896,15,2,0.13333333333333333,13
6897,81,0,0.0,81
6898,55,0,0.0,55
6899,66,1,0.015151515151515152,65
6900,80,0,0.0,80
6901,8,1,0.125,7
6902,5,3,0.6,2
6903,32,4,0.125,28
6904,47,3,0.06382978723404255,44
6905,40,2,0.05,38
6906,64,0,0.0,64
6907,35,2,0.05714285714285714,33
6908,49,6,0.12244897959183673,43
6909,29,3,0.10344827586206896,26
6910,72,13,0.18055555555555555,59
6911,34,2,0.058823529411764705,32
6912,17,0,0.0,17
6913,20,6,0.3,14
6914,64,2,0.03125,62
6915,47,2,0.0425531914893617,45
6916,41,1,0.024390243902439025,40
6917,30,2,0.06666666666666667,28
6918,17,7,0.4117647058823529,10
6919,55,2,0.03636363636363636,53
6920,81,1,0.012345679012345678,80
6921,49,0,0.0,49
6922,44,2,0.045454545454545456,42
6923,49,0,0.0,49
6924,81,1,0.012345679012345678,80
6925,36,0,0.0,36
6926,81,0,0.0,81
6927,26,6,0.23076923076923078,20
6928,39,4,0.10256410256410256,35
6929,46,0,0.0,46
6930,24,6,0.25,18
6931,46,0,0.0,46
6932,14,0,0.0,14
6933,54,0,0.0,54
6934,9,1,0.1111111111111111,8
6935,39,3,0.07692307692307693,36
6936,43,0,0.0,43
6937,17,1,0.058823529411764705,16
6938,29,3,0.10344827586206896,26
6939,25,0,0.0,25
6940,41,0,0.0,41
6941,4,2,0.5,2
6942,17,5,0.29411764705882354,12
6943,81,2,0.024691358024691357,79
6944,63,0,0.0,63
6945,4,0,0.0,4
6946,60,1,0.016666666666666666,59
6947,38,4,0.10526315789473684,34
6948,81,0,0.0,81
6949,39,5,0.1282051282051282,34
6950,69,2,0.028985507246376812,67
6951,15,2,0.13333333333333333,13
6952,81,0,0.0,81
6953,36,3,0.08333333333333333,33
6954,46,5,0.10869565217391304,41
6955,69,0,0.0,69
6956,20,8,0.4,12
6957,18,5,0.2777777777777778,13
6958,44,3,0.06818181818181818,41
6959,10,0,0.0,10
6960,29,3,0.10344827586206896,26
6961,8,5,0.625,3
6962,45,3,0.06666666666666667,42
6963,33,3,0.09090909090909091,30
6964,61,1,0.01639344262295082,60
6965,75,1,0.013333333333333334,74
6966,12,0,0.0,12
6967,57,1,0.017543859649122806,56
6968,46,1,0.021739130434782608,45
6969,35,0,0.0,35
6970,8,1,0.125,7
6971,69,0,0.0,69
6972,16,5,0.3125,11
6973,39,3,0.07692307692307693,36
6974,81,1,0.012345679012345678,80
6975,61,1,0.01639344262295082,60
6976,55,7,0.12727272727272726,48
6977,11,4,0.36363636363636365,7
6978,25,2,0.08,23
6979,28,5,0.17857142857142858,23
6980,34,4,0.11764705882352941,30
6981,18,0,0.0,18
6982,80,0,0.0,80
6983,71,1,0.014084507042253521,70
6984,78,1,0.01282051282051282,77
6985,29,2,0.06896551724137931,27
6986,76,2,0.02631578947368421,74
6987,81,58,0.7160493827160493,23
6988,40,8,0.2,32
6989,53,2,0.03773584905660377,51
6990,6,1,0.16666666666666666,5
6991,24,0,0.0,24
6992,33,2,0.06060606060606061,31
6993,80,1,0.0125,79
6994,20,4,0.2,16
6995,81,1,0.012345679012345678,80
6996,46,1,0.021739130434782608,45
6997,40,0,0.0,40
6998,43,3,0.06976744186046512,40
6999,23,4,0.17391304347826086,19
7000,8,4,0.5,4
7001,16,4,0.25,12
7002,54,0,0.0,54
7003,18,5,0.2777777777777778,13
7004,29,0,0.0,29
7005,73,1,0.0136986301369863,72
7006,50,1,0.02,49
7007,39,4,0.10256410256410256,35
7008,58,0,0.0,58
7009,26,5,0.19230769230769232,21
7010,36,5,0.1388888888888889,31
7011,14,3,0.21428571428571427,11
7012,36,2,0.05555555555555555,34
7013,12,0,0.0,12
7014,81,0,0.0,81
7015,26,3,0.11538461538461539,23
7016,26,5,0.19230769230769232,21
7017,81,0,0.0,81
7018,29,2,0.06896551724137931,27
7019,81,0,0.0,81
7020,50,1,0.02,49
7021,11,2,0.18181818181818182,9
7022,50,2,0.04,48
7023,34,4,0.11764705882352941,30
7024,41,2,0.04878048780487805,39
7025,56,0,0.0,56
7026,51,0,0.0,51
7027,55,1,0.01818181818181818,54
7028,15,4,0.26666666666666666,11
7029,81,0,0.0,81
7030,50,4,0.08,46
7031,81,0,0.0,81
7032,29,2,0.06896551724137931,27
7033,53,0,0.0,53
7034,76,3,0.039473684210526314,73
7035,63,1,0.015873015873015872,62
7036,15,0,0.0,15
7037,44,8,0.18181818181818182,36
7038,22,7,0.3181818181818182,15
7039,81,0,0.0,81
7040,25,2,0.08,23
7041,20,6,0.3,14
7042,27,6,0.2222222222222222,21
7043,30,6,0.2,24
7044,19,3,0.15789473684210525,16
7045,50,3,0.06,47
7046,20,2,0.1,18
7047,15,5,0.3333333333333333,10
7048,59,2,0.03389830508474576,57
7049,31,5,0.16129032258064516,26
7050,53,0,0.0,53
7051,65,0,0.0,65
7052,41,0,0.0,41
7053,22,0,0.0,22
7054,62,1,0.016129032258064516,61
7055,19,3,0.15789473684210525,16
7056,30,0,0.0,30
7057,22,1,0.045454545454545456,21
7058,52,3,0.057692307692307696,49
7059,81,0,0.0,81
7060,41,4,0.0975609756097561,37
7061,56,6,0.10714285714285714,50
7062,58,0,0.0,58
7063,57,0,0.0,57
7064,60,8,0.13333333333333333,52
7065,45,1,0.022222222222222223,44
7066,7,0,0.0,7
7067,18,2,0.1111111111111111,16
7068,67,3,0.04477611940298507,64
7069,33,2,0.06060606060606061,31
7070,54,7,0.12962962962962962,47
7071,43,3,0.06976744186046512,40
7072,7,5,0.7142857142857143,2
7073,65,1,0.015384615384615385,64
7074,14,1,0.07142857142857142,13
7075,29,0,0.0,29
7076,81,1,0.012345679012345678,80
7077,29,3,0.10344827586206896,26
7078,81,1,0.012345679012345678,80
7079,80,0,0.0,80
7080,51,2,0.0392156862745098,49
7081,22,2,0.09090909090909091,20
7082,81,79,0.9753086419753086,2
7083,49,4,0.08163265306122448,45
7084,81,0,0.0,81
7085,77,0,0.0,77
7086,74,0,0.0,74
7087,46,4,0.08695652173913043,42
7088,46,3,0.06521739130434782,43
7089,71,0,0.0,71
7090,23,1,0.043478260869565216,22
7091,41,0,0.0,41
7092,81,0,0.0,81
7093,24,4,0.16666666666666666,20
7094,64,2,0.03125,62
7095,4,1,0.25,3
7096,14,2,0.14285714285714285,12
7097,19,1,0.05263157894736842,18
7098,81,0,0.0,81
7099,2,1,0.5,1
7100,48,3,0.0625,45
7101,10,4,0.4,6
7102,81,0,0.0,81
7103,81,0,0.0,81
7104,39,2,0.05128205128205128,37
7105,66,2,0.030303030303030304,64
7106,14,8,0.5714285714285714,6
7107,28,2,0.07142857142857142,26
7108,57,0,0.0,57
7109,51,5,0.09803921568627451,46
7110,13,6,0.46153846153846156,7
7111,35,6,0.17142857142857143,29
7112,38,7,0.18421052631578946,31
7113,65,3,0.046153846153846156,62
7114,40,1,0.025,39
7115,58,0,0.0,58
7116,81,5,0.06172839506172839,76
7117,15,0,0.0,15
7118,21,7,0.3333333333333333,14
7119,30,0,0.0,30
7120,26,3,0.11538461538461539,23
7121,28,2,0.07142857142857142,26
7122,15,7,0.4666666666666667,8
7123,53,2,0.03773584905660377,51
7124,37,0,0.0,37
7125,80,1,0.0125,79
7126,40,3,0.075,37
7127,50,2,0.04,48
7128,26,2,0.07692307692307693,24
7129,52,1,0.019230769230769232,51
7130,19,3,0.15789473684210525,16
7131,69,1,0.014492753623188406,68
7132,81,2,0.024691358024691357,79
7133,32,2,0.0625,30
7134,26,2,0.07692307692307693,24
7135,51,4,0.0784313725490196,47
7136,27,3,0.1111111111111111,24
7137,32,2,0.0625,30
7138,44,3,0.06818181818181818,41
7139,43,4,0.09302325581395349,39
7140,81,0,0.0,81
7141,14,0,0.0,14
7142,41,2,0.04878048780487805,39
7143,81,1,0.012345679012345678,80
7144,38,5,0.13157894736842105,33
7145,16,0,0.0,16
7146,14,0,0.0,14
7147,25,0,0.0,25
7148,81,1,0.012345679012345678,80
7149,57,1,0.017543859649122806,56
7150,49,1,0.02040816326530612,48
7151,67,2,0.029850746268656716,65
7152,81,1,0.012345679012345678,80
7153,7,4,0.5714285714285714,3
7154,26,5,0.19230769230769232,21
7155,33,2,0.06060606060606061,31
7156,20,8,0.4,12
7157,15,0,0.0,15
7158,50,3,0.06,47
7159,75,0,0.0,75
7160,43,3,0.06976744186046512,40
7161,81,0,0.0,81
7162,11,5,0.45454545454545453,6
7163,64,0,0.0,64
7164,14,8,0.5714285714285714,6
7165,81,2,0.024691358024691357,79
7166,42,8,0.19047619047619047,34
7167,22,4,0.18181818181818182,18
7168,33,0,0.0,33
7169,81,0,0.0,81
7170,58,2,0.034482758620689655,56
7171,22,3,0.13636363636363635,19
7172,42,7,0.16666666666666666,35
7173,81,1,0.012345679012345678,80
7174,61,2,0.03278688524590164,59
7175,80,0,0.0,80
7176,79,1,0.012658227848101266,78
7177,17,4,0.23529411764705882,13
7178,16,3,0.1875,13
7179,25,0,0.0,25
7180,35,3,0.08571428571428572,32
7181,67,1,0.014925373134328358,66
7182,29,6,0.20689655172413793,23
7183,69,0,0.0,69
7184,78,1,0.01282051282051282,77
7185,49,1,0.02040816326530612,48
7186,53,1,0.018867924528301886,52
7187,15,5,0.3333333333333333,10
7188,34,7,0.20588235294117646,27
7189,61,1,0.01639344262295082,60
7190,42,1,0.023809523809523808,41
7191,4,1,0.25,3
7192,55,1,0.01818181818181818,54
7193,21,0,0.0,21
7194,81,0,0.0,81
7195,43,0,0.0,43
7196,50,7,0.14,43
7197,59,1,0.01694915254237288,58
7198,76,1,0.013157894736842105,75
7199,11,1,0.09090909090909091,10
7200,74,0,0.0,74
7201,60,2,0.03333333333333333,58
7202,41,0,0.0,41
7203,27,1,0.037037037037037035,26
7204,33,5,0.15151515151515152,28
7205,81,0,0.0,81
7206,81,1,0.012345679012345678,80
7207,35,1,0.02857142857142857,34
7208,74,0,0.0,74
7209,45,2,0.044444444444444446,43
7210,80,0,0.0,80
7211,59,2,0.03389830508474576,57
7212,81,1,0.012345679012345678,80
7213,6,2,0.3333333333333333,4
7214,5,0,0.0,5
7215,81,0,0.0,81
7216,39,3,0.07692307692307693,36
7217,35,1,0.02857142857142857,34
7218,25,1,0.04,24
7219,32,6,0.1875,26
7220,36,3,0.08333333333333333,33
7221,33,2,0.06060606060606061,31
7222,27,5,0.18518518518518517,22
7223,12,0,0.0,12
7224,24,0,0.0,24
7225,29,5,0.1724137931034483,24
7226,23,2,0.08695652173913043,21
7227,38,1,0.02631578947368421,37
7228,47,0,0.0,47
7229,14,3,0.21428571428571427,11
7230,62,2,0.03225806451612903,60
7231,8,5,0.625,3
7232,18,5,0.2777777777777778,13
7233,38,5,0.13157894736842105,33
7234,81,0,0.0,81
7235,18,3,0.16666666666666666,15
7236,31,0,0.0,31
7237,54,17,0.3148148148148148,37
7238,21,8,0.38095238095238093,13
7239,1,1,1.0,0
7240,77,2,0.025974025974025976,75
7241,39,3,0.07692307692307693,36
7242,58,0,0.0,58
7243,81,0,0.0,81
7244,41,2,0.04878048780487805,39
7245,36,3,0.08333333333333333,33
7246,44,1,0.022727272727272728,43
7247,44,0,0.0,44
7248,21,3,0.14285714285714285,18
7249,40,0,0.0,40
7250,26,1,0.038461538461538464,25
7251,19,2,0.10526315789473684,17
7252,23,5,0.21739130434782608,18
7253,61,2,0.03278688524590164,59
7254,13,4,0.3076923076923077,9
7255,42,3,0.07142857142857142,39
7256,81,1,0.012345679012345678,80
7257,62,1,0.016129032258064516,61
7258,48,4,0.08333333333333333,44
7259,27,4,0.14814814814814814,23
7260,23,3,0.13043478260869565,20
7261,47,2,0.0425531914893617,45
7262,34,2,0.058823529411764705,32
7263,57,0,0.0,57
7264,39,3,0.07692307692307693,36
7265,65,1,0.015384615384615385,64
7266,71,0,0.0,71
7267,23,0,0.0,23
7268,21,1,0.047619047619047616,20
7269,50,5,0.1,45
7270,46,4,0.08695652173913043,42
7271,75,1,0.013333333333333334,74
7272,36,0,0.0,36
7273,17,3,0.17647058823529413,14
7274,81,0,0.0,81
7275,47,2,0.0425531914893617,45
7276,81,1,0.012345679012345678,80
7277,36,2,0.05555555555555555,34
7278,66,2,0.030303030303030304,64
7279,21,5,0.23809523809523808,16
7280,54,3,0.05555555555555555,51
7281,57,2,0.03508771929824561,55
7282,36,7,0.19444444444444445,29
7283,42,4,0.09523809523809523,38
7284,28,5,0.17857142857142858,23
7285,32,4,0.125,28
7286,43,2,0.046511627906976744,41
7287,16,0,0.0,16
7288,21,4,0.19047619047619047,17
7289,75,2,0.02666666666666667,73
7290,24,8,0.3333333333333333,16
7291,27,2,0.07407407407407407,25
7292,33,14,0.42424242424242425,19
7293,39,2,0.05128205128205128,37
7294,81,2,0.024691358024691357,79
7295,76,76,1.0,0
7296,81,2,0.024691358024691357,79
7297,39,4,0.10256410256410256,35
7298,71,0,0.0,71
7299,79,1,0.012658227848101266,78
7300,27,3,0.1111111111111111,24
7301,71,0,0.0,71
7302,17,4,0.23529411764705882,13
7303,30,3,0.1,27
7304,81,0,0.0,81
7305,51,2,0.0392156862745098,49
7306,81,0,0.0,81
7307,38,1,0.02631578947368421,37
7308,61,1,0.01639344262295082,60
7309,18,11,0.6111111111111112,7
7310,46,1,0.021739130434782608,45
7311,59,2,0.03389830508474576,57
7312,68,2,0.029411764705882353,66
7313,18,3,0.16666666666666666,15
7314,3,0,0.0,3
7315,61,0,0.0,61
7316,37,4,0.10810810810810811,33
7317,34,1,0.029411764705882353,33
7318,17,5,0.29411764705882354,12
7319,18,3,0.16666666666666666,15
7320,81,0,0.0,81
7321,55,0,0.0,55
7322,74,0,0.0,74
7323,77,0,0.0,77
7324,14,6,0.42857142857142855,8
7325,57,0,0.0,57
7326,55,3,0.05454545454545454,52
7327,29,5,0.1724137931034483,24
7328,81,0,0.0,81
7329,9,4,0.4444444444444444,5
7330,10,0,0.0,10
7331,24,1,0.041666666666666664,23
7332,64,0,0.0,64
7333,51,2,0.0392156862745098,49
7334,76,1,0.013157894736842105,75
7335,41,4,0.0975609756097561,37
7336,36,0,0.0,36
7337,75,0,0.0,75
7338,81,0,0.0,81
7339,34,2,0.058823529411764705,32
7340,20,2,0.1,18
7341,11,3,0.2727272727272727,8
7342,81,0,0.0,81
7343,56,1,0.017857142857142856,55
7344,8,0,0.0,8
7345,81,0,0.0,81
7346,21,1,0.047619047619047616,20
7347,24,0,0.0,24
7348,80,0,0.0,80
7349,15,5,0.3333333333333333,10
7350,78,1,0.01282051282051282,77
7351,59,0,0.0,59
7352,45,0,0.0,45
7353,48,3,0.0625,45
7354,25,6,0.24,19
7355,31,1,0.03225806451612903,30
7356,81,30,0.37037037037037035,51
7357,81,0,0.0,81
7358,67,0,0.0,67
7359,20,2,0.1,18
7360,21,1,0.047619047619047616,20
7361,81,0,0.0,81
7362,13,2,0.15384615384615385,11
7363,80,0,0.0,80
7364,30,7,0.23333333333333334,23
7365,15,5,0.3333333333333333,10
7366,57,1,0.017543859649122806,56
7367,29,2,0.06896551724137931,27
7368,52,5,0.09615384615384616,47
7369,35,7,0.2,28
7370,37,1,0.02702702702702703,36
7371,81,0,0.0,81
7372,41,1,0.024390243902439025,40
7373,56,1,0.017857142857142856,55
7374,22,1,0.045454545454545456,21
7375,61,0,0.0,61
7376,21,3,0.14285714285714285,18
7377,81,0,0.0,81
7378,17,3,0.17647058823529413,14
7379,19,5,0.2631578947368421,14
7380,39,3,0.07692307692307693,36
7381,7,2,0.2857142857142857,5
7382,44,1,0.022727272727272728,43
7383,43,2,0.046511627906976744,41
7384,61,0,0.0,61
7385,22,7,0.3181818181818182,15
7386,77,0,0.0,77
7387,15,0,0.0,15
7388,29,2,0.06896551724137931,27
7389,81,0,0.0,81
7390,8,1,0.125,7
7391,72,0,0.0,72
7392,41,4,0.0975609756097561,37
7393,26,4,0.15384615384615385,22
7394,41,1,0.024390243902439025,40
7395,67,0,0.0,67
7396,50,3,0.06,47
7397,75,1,0.013333333333333334,74
7398,61,0,0.0,61
7399,11,4,0.36363636363636365,7
7400,75,0,0.0,75
7401,9,0,0.0,9
7402,9,2,0.2222222222222222,7
7403,43,1,0.023255813953488372,42
7404,9,1,0.1111111111111111,8
7405,17,8,0.47058823529411764,9
7406,14,8,0.5714285714285714,6
7407,58,2,0.034482758620689655,56
7408,46,0,0.0,46
7409,28,2,0.07142857142857142,26
7410,48,1,0.020833333333333332,47
7411,79,78,0.9873417721518988,1
7412,35,5,0.14285714285714285,30
7413,39,5,0.1282051282051282,34
7414,26,4,0.15384615384615385,22
7415,44,1,0.022727272727272728,43
7416,81,0,0.0,81
7417,81,0,0.0,81
7418,26,0,0.0,26
7419,74,0,0.0,74
7420,27,2,0.07407407407407407,25
7421,64,0,0.0,64
7422,25,4,0.16,21
7423,73,5,0.0684931506849315,68
7424,76,0,0.0,76
7425,10,0,0.0,10
7426,81,3,0.037037037037037035,78
7427,8,4,0.5,4
7428,59,3,0.05084745762711865,56
7429,21,5,0.23809523809523808,16
7430,77,2,0.025974025974025976,75
7431,26,6,0.23076923076923078,20
7432,43,0,0.0,43
7433,81,0,0.0,81
7434,30,1,0.03333333333333333,29
7435,81,16,0.19753086419753085,65
7436,28,1,0.03571428571428571,27
7437,26,1,0.038461538461538464,25
7438,63,1,0.015873015873015872,62
7439,3,0,0.0,3
7440,81,0,0.0,81
7441,79,1,0.012658227848101266,78
7442,81,0,0.0,81
7443,58,6,0.10344827586206896,52
7444,22,4,0.18181818181818182,18
7445,53,2,0.03773584905660377,51
7446,61,3,0.04918032786885246,58
7447,42,1,0.023809523809523808,41
7448,81,1,0.012345679012345678,80
7449,47,1,0.02127659574468085,46
7450,74,2,0.02702702702702703,72
7451,25,3,0.12,22
7452,32,4,0.125,28
7453,74,5,0.06756756756756757,69
7454,40,2,0.05,38
7455,31,3,0.0967741935483871,28
7456,49,2,0.04081632653061224,47
7457,79,1,0.012658227848101266,78
7458,73,0,0.0,73
7459,29,4,0.13793103448275862,25
7460,81,0,0.0,81
7461,29,6,0.20689655172413793,23
7462,27,0,0.0,27
7463,12,4,0.3333333333333333,8
7464,26,4,0.15384615384615385,22
7465,81,0,0.0,81
7466,3,0,0.0,3
7467,55,3,0.05454545454545454,52
7468,29,2,0.06896551724137931,27
7469,69,2,0.028985507246376812,67
7470,27,1,0.037037037037037035,26
7471,37,0,0.0,37
7472,48,4,0.08333333333333333,44
7473,24,7,0.2916666666666667,17
7474,42,3,0.07142857142857142,39
7475,58,1,0.017241379310344827,57
7476,27,0,0.0,27
7477,81,1,0.012345679012345678,80
7478,81,0,0.0,81
7479,81,0,0.0,81
7480,27,0,0.0,27
7481,54,1,0.018518518518518517,53
7482,46,5,0.10869565217391304,41
7483,62,2,0.03225806451612903,60
7484,81,81,1.0,0
7485,48,1,0.020833333333333332,47
7486,31,4,0.12903225806451613,27
7487,30,0,0.0,30
7488,37,7,0.1891891891891892,30
7489,9,1,0.1111111111111111,8
7490,69,1,0.014492753623188406,68
7491,21,8,0.38095238095238093,13
7492,47,1,0.02127659574468085,46
7493,44,3,0.06818181818181818,41
7494,20,0,0.0,20
7495,68,0,0.0,68
7496,28,5,0.17857142857142858,23
7497,81,64,0.7901234567901234,17
7498,69,0,0.0,69
7499,39,3,0.07692307692307693,36
7500,81,0,0.0,81
7501,7,5,0.7142857142857143,2
7502,81,1,0.012345679012345678,80
7503,33,6,0.18181818181818182,27
7504,54,0,0.0,54
7505,28,5,0.17857142857142858,23
7506,44,2,0.045454545454545456,42
7507,76,0,0.0,76
7508,19,1,0.05263157894736842,18
7509,26,3,0.11538461538461539,23
7510,42,7,0.16666666666666666,35
7511,35,3,0.08571428571428572,32
7512,30,1,0.03333333333333333,29
7513,2,0,0.0,2
7514,26,3,0.11538461538461539,23
7515,81,0,0.0,81
7516,40,21,0.525,19
7517,81,4,0.04938271604938271,77
7518,38,0,0.0,38
7519,33,5,0.15151515151515152,28
7520,81,0,0.0,81
7521,64,0,0.0,64
7522,71,0,0.0,71
7523,49,6,0.12244897959183673,43
7524,16,5,0.3125,11
7525,16,4,0.25,12
7526,55,2,0.03636363636363636,53
7527,79,1,0.012658227848101266,78
7528,53,2,0.03773584905660377,51
7529,80,17,0.2125,63
7530,43,4,0.09302325581395349,39
7531,19,1,0.05263157894736842,18
7532,53,1,0.018867924528301886,52
7533,33,3,0.09090909090909091,30
7534,13,0,0.0,13
7535,81,0,0.0,81
7536,41,0,0.0,41
7537,49,0,0.0,49
7538,81,0,0.0,81
7539,3,0,0.0,3
7540,32,10,0.3125,22
7541,34,5,0.14705882352941177,29
7542,44,4,0.09090909090909091,40
7543,69,0,0.0,69
7544,35,2,0.05714285714285714,33
7545,59,1,0.01694915254237288,58
7546,17,0,0.0,17
7547,26,6,0.23076923076923078,20
7548,38,3,0.07894736842105263,35
7549,30,2,0.06666666666666667,28
7550,44,6,0.13636363636363635,38
7551,13,0,0.0,13
7552,35,5,0.14285714285714285,30
7553,81,0,0.0,81
7554,80,5,0.0625,75
7555,11,2,0.18181818181818182,9
7556,80,5,0.0625,75
7557,18,8,0.4444444444444444,10
7558,79,0,0.0,79
7559,81,1,0.012345679012345678,80
7560,39,7,0.1794871794871795,32
7561,13,4,0.3076923076923077,9
7562,17,0,0.0,17
7563,77,0,0.0,77
7564,39,3,0.07692307692307693,36
7565,72,1,0.013888888888888888,71
7566,27,6,0.2222222222222222,21
7567,81,1,0.012345679012345678,80
7568,21,2,0.09523809523809523,19
7569,81,0,0.0,81
7570,14,5,0.35714285714285715,9
7571,50,3,0.06,47
7572,57,2,0.03508771929824561,55
7573,68,2,0.029411764705882353,66
7574,55,2,0.03636363636363636,53
7575,34,7,0.20588235294117646,27
7576,12,0,0.0,12
7577,41,0,0.0,41
7578,24,5,0.20833333333333334,19
7579,50,2,0.04,48
7580,42,2,0.047619047619047616,40
7581,18,2,0.1111111111111111,16
7582,81,0,0.0,81
7583,10,0,0.0,10
7584,38,2,0.05263157894736842,36
7585,34,1,0.029411764705882353,33
7586,35,2,0.05714285714285714,33
7587,48,3,0.0625,45
7588,77,1,0.012987012987012988,76
7589,37,3,0.08108108108108109,34
7590,24,8,0.3333333333333333,16
7591,33,3,0.09090909090909091,30
7592,20,3,0.15,17
7593,21,1,0.047619047619047616,20
7594,11,0,0.0,11
7595,32,7,0.21875,25
7596,40,5,0.125,35
7597,81,5,0.06172839506172839,76
7598,41,5,0.12195121951219512,36
7599,39,2,0.05128205128205128,37
7600,39,2,0.05128205128205128,37
7601,50,1,0.02,49
7602,53,2,0.03773584905660377,51
7603,77,1,0.012987012987012988,76
7604,34,4,0.11764705882352941,30
7605,21,5,0.23809523809523808,16
7606,56,1,0.017857142857142856,55
7607,81,0,0.0,81
7608,27,4,0.14814814814814814,23
7609,81,3,0.037037037037037035,78
7610,81,0,0.0,81
7611,54,3,0.05555555555555555,51
7612,55,1,0.01818181818181818,54
7613,18,4,0.2222222222222222,14
7614,69,3,0.043478260869565216,66
7615,79,0,0.0,79
7616,81,0,0.0,81
7617,65,0,0.0,65
7618,16,6,0.375,10
7619,47,2,0.0425531914893617,45
7620,35,1,0.02857142857142857,34
7621,10,0,0.0,10
7622,42,3,0.07142857142857142,39
7623,58,1,0.017241379310344827,57
7624,29,0,0.0,29
7625,50,0,0.0,50
7626,54,2,0.037037037037037035,52
7627,22,2,0.09090909090909091,20
7628,21,3,0.14285714285714285,18
7629,71,0,0.0,71
7630,81,1,0.012345679012345678,80
7631,14,4,0.2857142857142857,10
7632,18,4,0.2222222222222222,14
7633,21,0,0.0,21
7634,44,5,0.11363636363636363,39
7635,49,2,0.04081632653061224,47
7636,8,3,0.375,5
7637,48,3,0.0625,45
7638,74,4,0.05405405405405406,70
7639,49,0,0.0,49
7640,48,1,0.020833333333333332,47
7641,50,2,0.04,48
7642,34,5,0.14705882352941177,29
7643,32,4,0.125,28
7644,41,2,0.04878048780487805,39
7645,33,2,0.06060606060606061,31
7646,14,0,0.0,14
7647,81,0,0.0,81
7648,78,2,0.02564102564102564,76
7649,33,7,0.21212121212121213,26
7650,34,2,0.058823529411764705,32
7651,44,1,0.022727272727272728,43
7652,63,2,0.031746031746031744,61
7653,22,9,0.4090909090909091,13
7654,14,1,0.07142857142857142,13
7655,46,10,0.21739130434782608,36
7656,81,0,0.0,81
7657,65,2,0.03076923076923077,63
7658,8,0,0.0,8
7659,27,3,0.1111111111111111,24
7660,19,5,0.2631578947368421,14
7661,62,1,0.016129032258064516,61
7662,36,4,0.1111111111111111,32
7663,57,1,0.017543859649122806,56
7664,49,2,0.04081632653061224,47
7665,38,4,0.10526315789473684,34
7666,55,1,0.01818181818181818,54
7667,60,0,0.0,60
7668,34,0,0.0,34
7669,36,7,0.19444444444444445,29
7670,45,0,0.0,45
7671,55,1,0.01818181818181818,54
7672,64,8,0.125,56
7673,39,0,0.0,39
7674,20,1,0.05,19
7675,30,2,0.06666666666666667,28
7676,81,0,0.0,81
7677,49,0,0.0,49
7678,55,2,0.03636363636363636,53
7679,54,1,0.018518518518518517,53
7680,70,2,0.02857142857142857,68
7681,30,2,0.06666666666666667,28
7682,47,3,0.06382978723404255,44
7683,81,0,0.0,81
7684,66,1,0.015151515151515152,65
7685,13,2,0.15384615384615385,11
7686,81,1,0.012345679012345678,80
7687,26,8,0.3076923076923077,18
7688,19,1,0.05263157894736842,18
7689,47,1,0.02127659574468085,46
7690,46,0,0.0,46
7691,78,3,0.038461538461538464,75
7692,31,7,0.22580645161290322,24
7693,25,4,0.16,21
7694,9,3,0.3333333333333333,6
7695,81,1,0.012345679012345678,80
7696,30,0,0.0,30
7697,40,9,0.225,31
7698,81,0,0.0,81
7699,72,1,0.013888888888888888,71
7700,66,0,0.0,66
7701,81,1,0.012345679012345678,80
7702,25,4,0.16,21
7703,50,1,0.02,49
7704,81,0,0.0,81
7705,40,4,0.1,36
7706,51,3,0.058823529411764705,48
7707,30,5,0.16666666666666666,25
7708,34,5,0.14705882352941177,29
7709,81,1,0.012345679012345678,80
7710,81,1,0.012345679012345678,80
7711,22,1,0.045454545454545456,21
7712,81,0,0.0,81
7713,14,4,0.2857142857142857,10
7714,53,1,0.018867924528301886,52
7715,72,2,0.027777777777777776,70
7716,42,3,0.07142857142857142,39
7717,81,2,0.024691358024691357,79
7718,81,0,0.0,81
7719,73,4,0.0547945205479452,69
7720,81,2,0.024691358024691357,79
7721,7,3,0.42857142857142855,4
7722,80,0,0.0,80
7723,55,0,0.0,55
7724,46,10,0.21739130434782608,36
7725,14,0,0.0,14
7726,23,2,0.08695652173913043,21
7727,79,1,0.012658227848101266,78
7728,3,2,0.6666666666666666,1
7729,57,3,0.05263157894736842,54
7730,38,6,0.15789473684210525,32
7731,41,4,0.0975609756097561,37
7732,9,1,0.1111111111111111,8
7733,18,2,0.1111111111111111,16
7734,40,1,0.025,39
7735,33,5,0.15151515151515152,28
7736,52,2,0.038461538461538464,50
7737,48,0,0.0,48
7738,80,0,0.0,80
7739,81,1,0.012345679012345678,80
7740,20,2,0.1,18
7741,56,1,0.017857142857142856,55
7742,40,3,0.075,37
7743,59,1,0.01694915254237288,58
7744,36,2,0.05555555555555555,34
7745,50,1,0.02,49
7746,62,0,0.0,62
7747,77,2,0.025974025974025976,75
7748,21,1,0.047619047619047616,20
7749,31,1,0.03225806451612903,30
7750,78,0,0.0,78
7751,48,2,0.041666666666666664,46
7752,17,1,0.058823529411764705,16
7753,79,2,0.02531645569620253,77
7754,29,4,0.13793103448275862,25
7755,35,6,0.17142857142857143,29
7756,29,0,0.0,29
7757,48,2,0.041666666666666664,46
7758,81,0,0.0,81
7759,57,57,1.0,0
7760,51,3,0.058823529411764705,48
7761,53,5,0.09433962264150944,48
7762,53,0,0.0,53
7763,43,2,0.046511627906976744,41
7764,71,1,0.014084507042253521,70
7765,39,0,0.0,39
7766,23,5,0.21739130434782608,18
7767,6,1,0.16666666666666666,5
7768,69,1,0.014492753623188406,68
7769,24,6,0.25,18
7770,20,1,0.05,19
7771,12,4,0.3333333333333333,8
7772,51,2,0.0392156862745098,49
7773,75,1,0.013333333333333334,74
7774,34,0,0.0,34
7775,19,0,0.0,19
7776,61,2,0.03278688524590164,59
7777,34,3,0.08823529411764706,31
7778,26,4,0.15384615384615385,22
7779,40,2,0.05,38
7780,81,6,0.07407407407407407,75
7781,78,1,0.01282051282051282,77
7782,77,1,0.012987012987012988,76
7783,55,2,0.03636363636363636,53
7784,48,1,0.020833333333333332,47
7785,25,5,0.2,20
7786,36,3,0.08333333333333333,33
7787,81,0,0.0,81
7788,55,4,0.07272727272727272,51
7789,21,1,0.047619047619047616,20
7790,29,5,0.1724137931034483,24
7791,9,3,0.3333333333333333,6
7792,39,4,0.10256410256410256,35
7793,71,0,0.0,71
7794,25,5,0.2,20
7795,81,0,0.0,81
7796,27,3,0.1111111111111111,24
7797,53,4,0.07547169811320754,49
7798,20,2,0.1,18
7799,53,2,0.03773584905660377,51
7800,24,4,0.16666666666666666,20
7801,23,7,0.30434782608695654,16
7802,34,4,0.11764705882352941,30
7803,65,1,0.015384615384615385,64
7804,81,0,0.0,81
7805,20,1,0.05,19
7806,49,2,0.04081632653061224,47
7807,42,5,0.11904761904761904,37
7808,12,2,0.16666666666666666,10
7809,81,4,0.04938271604938271,77
7810,33,5,0.15151515151515152,28
7811,68,2,0.029411764705882353,66
7812,47,2,0.0425531914893617,45
7813,37,2,0.05405405405405406,35
7814,17,4,0.23529411764705882,13
7815,7,6,0.8571428571428571,1
7816,51,1,0.0196078431372549,50
7817,45,1,0.022222222222222223,44
7818,42,1,0.023809523809523808,41
7819,50,0,0.0,50
7820,51,2,0.0392156862745098,49
7821,54,1,0.018518518518518517,53
7822,34,7,0.20588235294117646,27
7823,12,1,0.08333333333333333,11
7824,75,0,0.0,75
7825,30,2,0.06666666666666667,28
7826,16,2,0.125,14
7827,77,17,0.22077922077922077,60
7828,81,0,0.0,81
7829,35,4,0.11428571428571428,31
7830,56,1,0.017857142857142856,55
7831,33,3,0.09090909090909091,30
7832,81,1,0.012345679012345678,80
7833,19,3,0.15789473684210525,16
7834,13,3,0.23076923076923078,10
7835,81,0,0.0,81
7836,22,3,0.13636363636363635,19
7837,67,2,0.029850746268656716,65
7838,52,0,0.0,52
7839,81,1,0.012345679012345678,80
7840,37,5,0.13513513513513514,32
7841,51,3,0.058823529411764705,48
7842,71,1,0.014084507042253521,70
7843,76,1,0.013157894736842105,75
7844,28,0,0.0,28
7845,11,0,0.0,11
7846,53,1,0.018867924528301886,52
7847,20,5,0.25,15
7848,21,3,0.14285714285714285,18
7849,57,8,0.14035087719298245,49
7850,2,1,0.5,1
7851,33,6,0.18181818181818182,27
7852,80,0,0.0,80
7853,18,8,0.4444444444444444,10
7854,58,0,0.0,58
7855,80,1,0.0125,79
7856,38,3,0.07894736842105263,35
7857,81,3,0.037037037037037035,78
7858,9,4,0.4444444444444444,5
7859,44,2,0.045454545454545456,42
7860,24,1,0.041666666666666664,23
7861,51,2,0.0392156862745098,49
7862,24,1,0.041666666666666664,23
7863,80,0,0.0,80
7864,79,0,0.0,79
7865,28,0,0.0,28
7866,24,4,0.16666666666666666,20
7867,81,0,0.0,81
7868,36,6,0.16666666666666666,30
7869,59,1,0.01694915254237288,58
7870,62,9,0.14516129032258066,53
7871,59,2,0.03389830508474576,57
7872,47,4,0.0851063829787234,43
7873,57,0,0.0,57
7874,20,0,0.0,20
7875,37,3,0.08108108108108109,34
7876,26,3,0.11538461538461539,23
7877,81,0,0.0,81
7878,33,4,0.12121212121212122,29
7879,14,0,0.0,14
7880,42,2,0.047619047619047616,40
7881,11,0,0.0,11
7882,40,3,0.075,37
7883,72,36,0.5,36
7884,18,4,0.2222222222222222,14
7885,51,4,0.0784313725490196,47
7886,68,1,0.014705882352941176,67
7887,81,0,0.0,81
7888,60,1,0.016666666666666666,59
7889,37,2,0.05405405405405406,35
7890,63,0,0.0,63
7891,26,1,0.038461538461538464,25
7892,9,2,0.2222222222222222,7
7893,49,1,0.02040816326530612,48
7894,41,0,0.0,41
7895,44,3,0.06818181818181818,41
7896,43,0,0.0,43
7897,13,8,0.6153846153846154,5
7898,64,0,0.0,64
7899,73,13,0.1780821917808219,60
7900,34,1,0.029411764705882353,33
7901,67,2,0.029850746268656716,65
7902,59,2,0.03389830508474576,57
7903,43,3,0.06976744186046512,40
7904,25,4,0.16,21
7905,11,3,0.2727272727272727,8
7906,33,0,0.0,33
7907,35,5,0.14285714285714285,30
7908,31,4,0.12903225806451613,27
7909,46,0,0.0,46
7910,28,2,0.07142857142857142,26
7911,32,4,0.125,28
7912,54,2,0.037037037037037035,52
7913,24,2,0.08333333333333333,22
7914,28,2,0.07142857142857142,26
7915,20,8,0.4,12
7916,61,2,0.03278688524590164,59
7917,60,0,0.0,60
7918,36,3,0.08333333333333333,33
7919,20,4,0.2,16
7920,52,6,0.11538461538461539,46
7921,43,3,0.06976744186046512,40
7922,79,10,0.12658227848101267,69
7923,56,0,0.0,56
7924,46,3,0.06521739130434782,43
7925,65,2,0.03076923076923077,63
7926,65,0,0.0,65
7927,80,1,0.0125,79
7928,10,0,0.0,10
7929,72,0,0.0,72
7930,46,0,0.0,46
7931,51,0,0.0,51
7932,20,0,0.0,20
7933,32,25,0.78125,7
7934,20,2,0.1,18
7935,26,0,0.0,26
7936,81,3,0.037037037037037035,78
7937,80,1,0.0125,79
7938,69,0,0.0,69
7939,24,4,0.16666666666666666,20
7940,12,1,0.08333333333333333,11
7941,81,3,0.037037037037037035,78
7942,37,1,0.02702702702702703,36
7943,29,0,0.0,29
7944,47,6,0.1276595744680851,41
7945,31,1,0.03225806451612903,30
7946,64,1,0.015625,63
7947,73,0,0.0,73
7948,34,6,0.17647058823529413,28
7949,67,2,0.029850746268656716,65
7950,22,2,0.09090909090909091,20
7951,77,0,0.0,77
7952,12,0,0.0,12
7953,81,0,0.0,81
7954,61,1,0.01639344262295082,60
7955,36,4,0.1111111111111111,32
7956,25,2,0.08,23
7957,20,3,0.15,17
7958,47,7,0.14893617021276595,40
7959,42,1,0.023809523809523808,41
7960,81,1,0.012345679012345678,80
7961,26,7,0.2692307692307692,19
7962,68,1,0.014705882352941176,67
7963,64,3,0.046875,61
7964,76,4,0.05263157894736842,72
7965,25,1,0.04,24
7966,42,1,0.023809523809523808,41
7967,28,3,0.10714285714285714,25
7968,7,1,0.14285714285714285,6
7969,81,0,0.0,81
7970,39,3,0.07692307692307693,36
7971,10,0,0.0,10
7972,19,2,0.10526315789473684,17
7973,57,1,0.017543859649122806,56
7974,41,1,0.024390243902439025,40
7975,42,1,0.023809523809523808,41
7976,53,2,0.03773584905660377,51
7977,61,3,0.04918032786885246,58
7978,30,7,0.23333333333333334,23
7979,73,1,0.0136986301369863,72
7980,26,7,0.2692307692307692,19
7981,67,1,0.014925373134328358,66
7982,44,3,0.06818181818181818,41
7983,32,4,0.125,28
7984,9,9,1.0,0
7985,78,0,0.0,78
7986,13,5,0.38461538461538464,8
7987,17,3,0.17647058823529413,14
7988,27,2,0.07407407407407407,25
7989,17,2,0.11764705882352941,15
7990,76,2,0.02631578947368421,74
7991,81,0,0.0,81
7992,81,0,0.0,81
7993,67,2,0.029850746268656716,65
7994,11,2,0.18181818181818182,9
7995,7,3,0.42857142857142855,4
7996,24,6,0.25,18
7997,48,3,0.0625,45
7998,15,0,0.0,15
7999,9,1,0.1111111111111111,8
8000,72,1,0.013888888888888888,71
8001,55,0,0.0,55
8002,21,2,0.09523809523809523,19
8003,5,5,1.0,0
8004,81,1,0.012345679012345678,80
8005,33,0,0.0,33
8006,2,0,0.0,2
8007,81,16,0.19753086419753085,65
8008,22,4,0.18181818181818182,18
8009,3,3,1.0,0
8010,38,0,0.0,38
8011,22,2,0.09090909090909091,20
8012,12,0,0.0,12
8013,18,5,0.2777777777777778,13
8014,59,2,0.03389830508474576,57
8015,23,8,0.34782608695652173,15
8016,77,1,0.012987012987012988,76
8017,2,2,1.0,0
8018,68,1,0.014705882352941176,67
8019,2,0,0.0,2
8020,81,0,0.0,81
8021,44,2,0.045454545454545456,42
8022,22,4,0.18181818181818182,18
8023,53,3,0.05660377358490566,50
8024,5,3,0.6,2
8025,10,0,0.0,10
8026,55,35,0.6363636363636364,20
8027,24,4,0.16666666666666666,20
8028,73,1,0.0136986301369863,72
8029,79,0,0.0,79
8030,19,5,0.2631578947368421,14
8031,25,0,0.0,25
8032,61,0,0.0,61
8033,61,11,0.18032786885245902,50
8034,32,2,0.0625,30
8035,81,0,0.0,81
8036,9,3,0.3333333333333333,6
8037,27,4,0.14814814814814814,23
8038,39,5,0.1282051282051282,34
8039,11,3,0.2727272727272727,8
8040,79,0,0.0,79
8041,81,4,0.04938271604938271,77
8042,47,1,0.02127659574468085,46
8043,43,5,0.11627906976744186,38
8044,6,0,0.0,6
8045,44,1,0.022727272727272728,43
8046,4,4,1.0,0
8047,9,4,0.4444444444444444,5
8048,24,4,0.16666666666666666,20
8049,69,1,0.014492753623188406,68
8050,29,3,0.10344827586206896,26
8051,4,0,0.0,4
8052,24,0,0.0,24
8053,42,1,0.023809523809523808,41
8054,19,0,0.0,19
8055,20,1,0.05,19
8056,80,0,0.0,80
8057,21,3,0.14285714285714285,18
8058,53,1,0.018867924528301886,52
8059,42,6,0.14285714285714285,36
8060,24,1,0.041666666666666664,23
8061,81,1,0.012345679012345678,80
8062,16,3,0.1875,13
8063,39,4,0.10256410256410256,35
8064,39,1,0.02564102564102564,38
8065,81,0,0.0,81
8066,19,4,0.21052631578947367,15
8067,27,0,0.0,27
8068,36,3,0.08333333333333333,33
8069,81,0,0.0,81
8070,80,0,0.0,80
8071,15,4,0.26666666666666666,11
8072,10,0,0.0,10
8073,10,5,0.5,5
8074,81,0,0.0,81
8075,81,0,0.0,81
8076,56,0,0.0,56
8077,36,4,0.1111111111111111,32
8078,8,7,0.875,1
8079,63,3,0.047619047619047616,60
8080,34,7,0.20588235294117646,27
8081,15,3,0.2,12
8082,81,81,1.0,0
8083,29,4,0.13793103448275862,25
8084,53,1,0.018867924528301886,52
8085,24,0,0.0,24
8086,76,0,0.0,76
8087,24,3,0.125,21
8088,81,0,0.0,81
8089,23,4,0.17391304347826086,19
8090,26,25,0.9615384615384616,1
8091,17,0,0.0,17
8092,37,5,0.13513513513513514,32
8093,25,3,0.12,22
8094,51,1,0.0196078431372549,50
8095,22,3,0.13636363636363635,19
8096,10,3,0.3,7
8097,24,5,0.20833333333333334,19
8098,80,1,0.0125,79
8099,67,0,0.0,67
8100,8,4,0.5,4
8101,38,4,0.10526315789473684,34
8102,81,0,0.0,81
8103,54,1,0.018518518518518517,53
8104,79,0,0.0,79
8105,55,2,0.03636363636363636,53
8106,21,0,0.0,21
8107,19,8,0.42105263157894735,11
8108,46,4,0.08695652173913043,42
8109,58,2,0.034482758620689655,56
8110,52,4,0.07692307692307693,48
8111,77,0,0.0,77
8112,17,0,0.0,17
8113,7,3,0.42857142857142855,4
8114,27,5,0.18518518518518517,22
8115,55,4,0.07272727272727272,51
8116,48,2,0.041666666666666664,46
8117,81,0,0.0,81
8118,16,0,0.0,16
8119,34,6,0.17647058823529413,28
8120,17,0,0.0,17
8121,24,4,0.16666666666666666,20
8122,49,0,0.0,49
8123,43,2,0.046511627906976744,41
8124,29,4,0.13793103448275862,25
8125,34,2,0.058823529411764705,32
8126,54,0,0.0,54
8127,49,6,0.12244897959183673,43
8128,64,0,0.0,64
8129,25,5,0.2,20
8130,81,0,0.0,81
8131,19,3,0.15789473684210525,16
8132,63,1,0.015873015873015872,62
8133,30,4,0.13333333333333333,26
8134,14,6,0.42857142857142855,8
8135,17,5,0.29411764705882354,12
8136,67,3,0.04477611940298507,64
8137,45,0,0.0,45
8138,32,0,0.0,32
8139,34,3,0.08823529411764706,31
8140,28,1,0.03571428571428571,27
8141,52,2,0.038461538461538464,50
8142,78,2,0.02564102564102564,76
8143,81,0,0.0,81
8144,26,1,0.038461538461538464,25
8145,21,4,0.19047619047619047,17
8146,25,0,0.0,25
8147,36,5,0.1388888888888889,31
8148,13,5,0.38461538461538464,8
8149,81,2,0.024691358024691357,79
8150,48,2,0.041666666666666664,46
8151,40,1,0.025,39
8152,41,1,0.024390243902439025,40
8153,4,2,0.5,2
8154,32,5,0.15625,27
8155,22,2,0.09090909090909091,20
8156,78,1,0.01282051282051282,77
8157,36,1,0.027777777777777776,35
8158,74,1,0.013513513513513514,73
8159,43,4,0.09302325581395349,39
8160,39,1,0.02564102564102564,38
8161,70,0,0.0,70
8162,22,7,0.3181818181818182,15
8163,66,0,0.0,66
8164,33,3,0.09090909090909091,30
8165,16,0,0.0,16
8166,36,5,0.1388888888888889,31
8167,76,6,0.07894736842105263,70
8168,37,6,0.16216216216216217,31
8169,81,0,0.0,81
8170,36,1,0.027777777777777776,35
8171,58,0,0.0,58
8172,50,2,0.04,48
8173,30,2,0.06666666666666667,28
8174,8,4,0.5,4
8175,4,0,0.0,4
8176,25,1,0.04,24
8177,23,23,1.0,0
8178,24,2,0.08333333333333333,22
8179,44,6,0.13636363636363635,38
8180,43,6,0.13953488372093023,37
8181,29,2,0.06896551724137931,27
8182,35,3,0.08571428571428572,32
8183,79,0,0.0,79
8184,41,7,0.17073170731707318,34
8185,54,4,0.07407407407407407,50
8186,78,2,0.02564102564102564,76
8187,24,1,0.041666666666666664,23
8188,53,1,0.018867924528301886,52
8189,14,0,0.0,14
8190,33,9,0.2727272727272727,24
8191,19,0,0.0,19
8192,40,3,0.075,37
8193,61,0,0.0,61
8194,29,2,0.06896551724137931,27
8195,81,0,0.0,81
8196,48,2,0.041666666666666664,46
8197,81,1,0.012345679012345678,80
8198,55,1,0.01818181818181818,54
8199,24,4,0.16666666666666666,20
8200,49,2,0.04081632653061224,47
8201,12,7,0.5833333333333334,5
8202,15,0,0.0,15
8203,81,0,0.0,81
8204,81,0,0.0,81
8205,12,4,0.3333333333333333,8
8206,71,2,0.028169014084507043,69
8207,81,1,0.012345679012345678,80
8208,81,0,0.0,81
8209,24,0,0.0,24
8210,23,2,0.08695652173913043,21
8211,7,3,0.42857142857142855,4
8212,42,3,0.07142857142857142,39
8213,55,0,0.0,55
8214,1,0,0.0,1
8215,81,0,0.0,81
8216,73,1,0.0136986301369863,72
8217,80,0,0.0,80
8218,29,8,0.27586206896551724,21
8219,42,1,0.023809523809523808,41
8220,76,1,0.013157894736842105,75
8221,55,3,0.05454545454545454,52
8222,62,0,0.0,62
8223,31,2,0.06451612903225806,29
8224,25,2,0.08,23
8225,71,1,0.014084507042253521,70
8226,47,5,0.10638297872340426,42
8227,36,0,0.0,36
8228,81,0,0.0,81
8229,28,3,0.10714285714285714,25
8230,40,3,0.075,37
8231,26,4,0.15384615384615385,22
8232,60,1,0.016666666666666666,59
8233,64,1,0.015625,63
8234,49,0,0.0,49
8235,22,4,0.18181818181818182,18
8236,39,3,0.07692307692307693,36
8237,35,6,0.17142857142857143,29
8238,72,0,0.0,72
8239,40,2,0.05,38
8240,30,7,0.23333333333333334,23
8241,47,3,0.06382978723404255,44
8242,81,0,0.0,81
8243,28,1,0.03571428571428571,27
8244,44,0,0.0,44
8245,62,7,0.11290322580645161,55
8246,25,7,0.28,18
8247,18,0,0.0,18
8248,71,0,0.0,71
8249,81,0,0.0,81
8250,27,8,0.2962962962962963,19
8251,76,3,0.039473684210526314,73
8252,80,1,0.0125,79
8253,45,3,0.06666666666666667,42
8254,69,4,0.057971014492753624,65
8255,10,2,0.2,8
8256,7,5,0.7142857142857143,2
8257,31,5,0.16129032258064516,26
8258,20,4,0.2,16
8259,50,3,0.06,47
8260,71,2,0.028169014084507043,69
8261,81,0,0.0,81
8262,43,3,0.06976744186046512,40
8263,81,0,0.0,81
8264,80,1,0.0125,79
8265,26,4,0.15384615384615385,22
8266,12,4,0.3333333333333333,8
8267,54,7,0.12962962962962962,47
8268,16,6,0.375,10
8269,39,2,0.05128205128205128,37
8270,42,4,0.09523809523809523,38
8271,20,0,0.0,20
8272,15,1,0.06666666666666667,14
8273,26,7,0.2692307692307692,19
8274,81,1,0.012345679012345678,80
8275,74,1,0.013513513513513514,73
8276,34,4,0.11764705882352941,30
8277,72,0,0.0,72
8278,28,6,0.21428571428571427,22
8279,43,2,0.046511627906976744,41
8280,43,0,0.0,43
8281,29,7,0.2413793103448276,22
8282,38,0,0.0,38
8283,59,3,0.05084745762711865,56
8284,53,4,0.07547169811320754,49
8285,28,5,0.17857142857142858,23
8286,28,2,0.07142857142857142,26
8287,81,2,0.024691358024691357,79
8288,66,2,0.030303030303030304,64
8289,41,7,0.17073170731707318,34
8290,59,0,0.0,59
8291,33,4,0.12121212121212122,29
8292,38,7,0.18421052631578946,31
8293,81,62,0.7654320987654321,19
8294,5,5,1.0,0
8295,37,0,0.0,37
8296,49,6,0.12244897959183673,43
8297,34,0,0.0,34
8298,72,0,0.0,72
8299,18,0,0.0,18
8300,41,1,0.024390243902439025,40
8301,11,2,0.18181818181818182,9
8302,69,0,0.0,69
8303,37,3,0.08108108108108109,34
8304,34,3,0.08823529411764706,31
8305,40,0,0.0,40
8306,20,3,0.15,17
8307,22,6,0.2727272727272727,16
8308,9,1,0.1111111111111111,8
8309,39,6,0.15384615384615385,33
8310,81,1,0.012345679012345678,80
8311,80,0,0.0,80
8312,52,5,0.09615384615384616,47
8313,18,3,0.16666666666666666,15
8314,28,7,0.25,21
8315,49,2,0.04081632653061224,47
8316,22,4,0.18181818181818182,18
8317,7,3,0.42857142857142855,4
8318,12,1,0.08333333333333333,11
8319,14,1,0.07142857142857142,13
8320,43,2,0.046511627906976744,41
8321,80,3,0.0375,77
8322,22,0,0.0,22
8323,66,1,0.015151515151515152,65
8324,6,3,0.5,3
8325,8,3,0.375,5
8326,37,33,0.8918918918918919,4
8327,79,1,0.012658227848101266,78
8328,81,0,0.0,81
8329,71,1,0.014084507042253521,70
8330,21,8,0.38095238095238093,13
8331,72,0,0.0,72
8332,14,0,0.0,14
8333,37,1,0.02702702702702703,36
8334,6,2,0.3333333333333333,4
8335,27,2,0.07407407407407407,25
8336,7,0,0.0,7
8337,50,2,0.04,48
8338,43,1,0.023255813953488372,42
8339,73,0,0.0,73
8340,64,1,0.015625,63
8341,74,0,0.0,74
8342,34,3,0.08823529411764706,31
8343,63,1,0.015873015873015872,62
8344,17,0,0.0,17
8345,49,9,0.1836734693877551,40
8346,81,0,0.0,81
8347,33,1,0.030303030303030304,32
8348,11,4,0.36363636363636365,7
8349,32,7,0.21875,25
8350,19,7,0.3684210526315789,12
8351,21,2,0.09523809523809523,19
8352,15,6,0.4,9
8353,81,1,0.012345679012345678,80
8354,80,0,0.0,80
8355,56,10,0.17857142857142858,46
8356,64,0,0.0,64
8357,25,2,0.08,23
8358,39,0,0.0,39
8359,19,3,0.15789473684210525,16
8360,17,1,0.058823529411764705,16
8361,63,1,0.015873015873015872,62
8362,81,1,0.012345679012345678,80
8363,61,0,0.0,61
8364,49,1,0.02040816326530612,48
8365,60,1,0.016666666666666666,59
8366,75,3,0.04,72
8367,53,2,0.03773584905660377,51
8368,10,2,0.2,8
8369,12,4,0.3333333333333333,8
8370,81,81,1.0,0
8371,81,1,0.012345679012345678,80
8372,62,2,0.03225806451612903,60
8373,80,6,0.075,74
8374,15,6,0.4,9
8375,14,14,1.0,0
8376,31,8,0.25806451612903225,23
8377,64,0,0.0,64
8378,60,0,0.0,60
8379,23,0,0.0,23
8380,24,1,0.041666666666666664,23
8381,46,1,0.021739130434782608,45
8382,20,7,0.35,13
8383,54,2,0.037037037037037035,52
8384,25,0,0.0,25
8385,34,9,0.2647058823529412,25
8386,34,3,0.08823529411764706,31
8387,36,0,0.0,36
8388,8,3,0.375,5
8389,79,1,0.012658227848101266,78
8390,35,5,0.14285714285714285,30
8391,52,11,0.21153846153846154,41
8392,9,3,0.3333333333333333,6
8393,24,2,0.08333333333333333,22
8394,15,0,0.0,15
8395,10,3,0.3,7
8396,52,0,0.0,52
8397,29,4,0.13793103448275862,25
8398,60,20,0.3333333333333333,40
8399,57,0,0.0,57
8400,38,3,0.07894736842105263,35
8401,16,0,0.0,16
8402,76,5,0.06578947368421052,71
8403,63,0,0.0,63
8404,81,0,0.0,81
8405,6,1,0.16666666666666666,5
8406,70,1,0.014285714285714285,69
8407,56,1,0.017857142857142856,55
8408,11,4,0.36363636363636365,7
8409,71,0,0.0,71
8410,54,1,0.018518518518518517,53
8411,37,0,0.0,37
8412,43,1,0.023255813953488372,42
8413,50,2,0.04,48
8414,24,4,0.16666666666666666,20
8415,80,2,0.025,78
8416,74,1,0.013513513513513514,73
8417,41,1,0.024390243902439025,40
8418,15,3,0.2,12
8419,39,5,0.1282051282051282,34
8420,20,0,0.0,20
8421,34,2,0.058823529411764705,32
8422,18,0,0.0,18
8423,53,2,0.03773584905660377,51
8424,25,5,0.2,20
8425,61,0,0.0,61
8426,8,0,0.0,8
8427,47,3,0.06382978723404255,44
8428,55,1,0.01818181818181818,54
8429,81,0,0.0,81
8430,81,1,0.012345679012345678,80
8431,31,3,0.0967741935483871,28
8432,75,1,0.013333333333333334,74
8433,80,0,0.0,80
8434,50,1,0.02,49
8435,32,0,0.0,32
8436,68,53,0.7794117647058824,15
8437,26,3,0.11538461538461539,23
8438,70,0,0.0,70
8439,20,1,0.05,19
8440,4,4,1.0,0
8441,53,0,0.0,53
8442,48,0,0.0,48
8443,59,0,0.0,59
8444,69,1,0.014492753623188406,68
8445,24,3,0.125,21
8446,1,1,1.0,0
8447,46,2,0.043478260869565216,44
8448,38,1,0.02631578947368421,37
8449,47,0,0.0,47
8450,24,2,0.08333333333333333,22
8451,37,2,0.05405405405405406,35
8452,31,7,0.22580645161290322,24
8453,45,6,0.13333333333333333,39
8454,81,0,0.0,81
8455,4,4,1.0,0
8456,41,0,0.0,41
8457,43,1,0.023255813953488372,42
8458,14,3,0.21428571428571427,11
8459,9,3,0.3333333333333333,6
8460,80,1,0.0125,79
8461,68,2,0.029411764705882353,66
8462,38,3,0.07894736842105263,35
8463,39,0,0.0,39
8464,28,0,0.0,28
8465,81,0,0.0,81
8466,40,3,0.075,37
8467,81,1,0.012345679012345678,80
8468,5,5,1.0,0
8469,58,1,0.017241379310344827,57
8470,45,1,0.022222222222222223,44
8471,11,5,0.45454545454545453,6
8472,41,2,0.04878048780487805,39
8473,38,8,0.21052631578947367,30
8474,48,5,0.10416666666666667,43
8475,40,5,0.125,35
8476,22,5,0.22727272727272727,17
8477,63,2,0.031746031746031744,61
8478,64,1,0.015625,63
8479,19,3,0.15789473684210525,16
8480,66,0,0.0,66
8481,62,1,0.016129032258064516,61
8482,20,1,0.05,19
8483,64,1,0.015625,63
8484,40,5,0.125,35
8485,57,4,0.07017543859649122,53
8486,2,2,1.0,0
8487,39,2,0.05128205128205128,37
8488,14,2,0.14285714285714285,12
8489,2,1,0.5,1
8490,47,3,0.06382978723404255,44
8491,7,2,0.2857142857142857,5
8492,8,0,0.0,8
8493,63,1,0.015873015873015872,62
8494,70,6,0.08571428571428572,64
8495,14,1,0.07142857142857142,13
8496,1,0,0.0,1
8497,64,1,0.015625,63
8498,38,3,0.07894736842105263,35
8499,51,3,0.058823529411764705,48
8500,25,4,0.16,21
8501,44,2,0.045454545454545456,42
8502,38,0,0.0,38
8503,39,3,0.07692307692307693,36
8504,23,0,0.0,23
8505,10,1,0.1,9
8506,17,7,0.4117647058823529,10
8507,29,4,0.13793103448275862,25
8508,81,0,0.0,81
8509,9,3,0.3333333333333333,6
8510,39,1,0.02564102564102564,38
8511,43,1,0.023255813953488372,42
8512,28,1,0.03571428571428571,27
8513,8,1,0.125,7
8514,6,0,0.0,6
8515,13,0,0.0,13
8516,58,1,0.017241379310344827,57
8517,22,4,0.18181818181818182,18
8518,20,4,0.2,16
8519,39,3,0.07692307692307693,36
8520,34,3,0.08823529411764706,31
8521,50,0,0.0,50
8522,23,2,0.08695652173913043,21
8523,73,1,0.0136986301369863,72
8524,6,3,0.5,3
8525,35,0,0.0,35
8526,41,4,0.0975609756097561,37
8527,21,4,0.19047619047619047,17
8528,44,3,0.06818181818181818,41
8529,25,2,0.08,23
8530,14,0,0.0,14
8531,35,0,0.0,35
8532,23,4,0.17391304347826086,19
8533,26,3,0.11538461538461539,23
8534,61,2,0.03278688524590164,59
8535,22,6,0.2727272727272727,16
8536,23,4,0.17391304347826086,19
8537,36,0,0.0,36
8538,43,1,0.023255813953488372,42
8539,80,1,0.0125,79
8540,45,0,0.0,45
8541,37,2,0.05405405405405406,35
8542,53,4,0.07547169811320754,49
8543,72,1,0.013888888888888888,71
8544,47,2,0.0425531914893617,45
8545,34,3,0.08823529411764706,31
8546,26,8,0.3076923076923077,18
8547,73,1,0.0136986301369863,72
8548,60,1,0.016666666666666666,59
8549,81,0,0.0,81
8550,54,1,0.018518518518518517,53
8551,62,2,0.03225806451612903,60
8552,38,3,0.07894736842105263,35
8553,81,0,0.0,81
8554,44,2,0.045454545454545456,42
8555,34,7,0.20588235294117646,27
8556,73,0,0.0,73
8557,14,5,0.35714285714285715,9
8558,35,2,0.05714285714285714,33
8559,32,1,0.03125,31
8560,64,0,0.0,64
8561,78,2,0.02564102564102564,76
8562,4,1,0.25,3
8563,46,1,0.021739130434782608,45
8564,40,2,0.05,38
8565,40,31,0.775,9
8566,40,2,0.05,38
8567,26,4,0.15384615384615385,22
8568,5,5,1.0,0
8569,15,3,0.2,12
8570,55,2,0.03636363636363636,53
8571,32,3,0.09375,29
8572,46,0,0.0,46
8573,60,0,0.0,60
8574,51,4,0.0784313725490196,47
8575,37,3,0.08108108108108109,34
8576,69,4,0.057971014492753624,65
8577,23,3,0.13043478260869565,20
8578,40,4,0.1,36
8579,81,1,0.012345679012345678,80
8580,28,7,0.25,21
8581,48,2,0.041666666666666664,46
8582,63,2,0.031746031746031744,61
8583,23,4,0.17391304347826086,19
8584,24,0,0.0,24
8585,48,3,0.0625,45
8586,44,0,0.0,44
8587,81,0,0.0,81
8588,66,1,0.015151515151515152,65
8589,53,0,0.0,53
8590,44,3,0.06818181818181818,41
8591,63,1,0.015873015873015872,62
8592,47,2,0.0425531914893617,45
8593,55,5,0.09090909090909091,50
8594,56,1,0.017857142857142856,55
8595,81,3,0.037037037037037035,78
8596,10,1,0.1,9
8597,16,6,0.375,10
8598,30,4,0.13333333333333333,26
8599,60,5,0.08333333333333333,55
8600,46,2,0.043478260869565216,44
8601,18,5,0.2777777777777778,13
8602,79,0,0.0,79
8603,14,2,0.14285714285714285,12
8604,18,5,0.2777777777777778,13
8605,40,2,0.05,38
8606,47,7,0.14893617021276595,40
8607,81,73,0.9012345679012346,8
8608,9,0,0.0,9
8609,58,1,0.017241379310344827,57
8610,47,6,0.1276595744680851,41
8611,67,3,0.04477611940298507,64
8612,34,1,0.029411764705882353,33
8613,81,2,0.024691358024691357,79
8614,65,2,0.03076923076923077,63
8615,81,2,0.024691358024691357,79
8616,7,1,0.14285714285714285,6
8617,42,0,0.0,42
8618,40,0,0.0,40
8619,58,0,0.0,58
8620,35,4,0.11428571428571428,31
8621,68,2,0.029411764705882353,66
8622,36,3,0.08333333333333333,33
8623,47,1,0.02127659574468085,46
8624,30,5,0.16666666666666666,25
8625,12,0,0.0,12
8626,81,1,0.012345679012345678,80
8627,30,6,0.2,24
8628,12,3,0.25,9
8629,60,19,0.31666666666666665,41
8630,36,7,0.19444444444444445,29
8631,70,1,0.014285714285714285,69
8632,23,3,0.13043478260869565,20
8633,23,5,0.21739130434782608,18
8634,74,0,0.0,74
8635,18,2,0.1111111111111111,16
8636,17,1,0.058823529411764705,16
8637,28,0,0.0,28
8638,14,8,0.5714285714285714,6
8639,80,0,0.0,80
8640,61,2,0.03278688524590164,59
8641,81,3,0.037037037037037035,78
8642,34,2,0.058823529411764705,32
8643,16,4,0.25,12
8644,24,3,0.125,21
8645,57,2,0.03508771929824561,55
8646,46,3,0.06521739130434782,43
8647,28,0,0.0,28
8648,42,1,0.023809523809523808,41
8649,27,0,0.0,27
8650,70,4,0.05714285714285714,66
8651,21,0,0.0,21
8652,17,5,0.29411764705882354,12
8653,9,2,0.2222222222222222,7
8654,36,2,0.05555555555555555,34
8655,17,0,0.0,17
8656,27,3,0.1111111111111111,24
8657,32,2,0.0625,30
8658,26,2,0.07692307692307693,24
8659,14,2,0.14285714285714285,12
8660,52,0,0.0,52
8661,15,1,0.06666666666666667,14
8662,31,0,0.0,31
8663,21,4,0.19047619047619047,17
8664,10,3,0.3,7
8665,71,0,0.0,71
8666,81,1,0.012345679012345678,80
8667,19,4,0.21052631578947367,15
8668,14,0,0.0,14
8669,67,1,0.014925373134328358,66
8670,76,29,0.3815789473684211,47
8671,23,3,0.13043478260869565,20
8672,75,3,0.04,72
8673,41,4,0.0975609756097561,37
8674,26,4,0.15384615384615385,22
8675,47,1,0.02127659574468085,46
8676,6,0,0.0,6
8677,81,81,1.0,0
8678,65,0,0.0,65
8679,42,1,0.023809523809523808,41
8680,28,2,0.07142857142857142,26
8681,45,1,0.022222222222222223,44
8682,56,7,0.125,49
8683,66,2,0.030303030303030304,64
8684,57,0,0.0,57
8685,62,3,0.04838709677419355,59
8686,22,1,0.045454545454545456,21
8687,13,3,0.23076923076923078,10
8688,74,1,0.013513513513513514,73
8689,49,5,0.10204081632653061,44
8690,20,6,0.3,14
8691,77,0,0.0,77
8692,48,2,0.041666666666666664,46
8693,30,5,0.16666666666666666,25
8694,71,1,0.014084507042253521,70
8695,40,4,0.1,36
8696,40,1,0.025,39
8697,29,2,0.06896551724137931,27
8698,57,2,0.03508771929824561,55
8699,59,0,0.0,59
8700,40,4,0.1,36
8701,49,2,0.04081632653061224,47
8702,27,0,0.0,27
8703,56,3,0.05357142857142857,53
8704,19,7,0.3684210526315789,12
8705,81,2,0.024691358024691357,79
8706,29,0,0.0,29
8707,58,0,0.0,58
8708,81,2,0.024691358024691357,79
8709,80,3,0.0375,77
8710,4,4,1.0,0
8711,36,0,0.0,36
8712,59,2,0.03389830508474576,57
8713,35,2,0.05714285714285714,33
8714,10,0,0.0,10
8715,57,0,0.0,57
8716,72,0,0.0,72
8717,15,1,0.06666666666666667,14
8718,81,1,0.012345679012345678,80
8719,16,0,0.0,16
8720,25,4,0.16,21
8721,7,7,1.0,0
8722,80,1,0.0125,79
8723,81,1,0.012345679012345678,80
8724,34,3,0.08823529411764706,31
8725,26,9,0.34615384615384615,17
8726,19,2,0.10526315789473684,17
8727,24,0,0.0,24
8728,49,41,0.8367346938775511,8
8729,20,4,0.2,16
8730,49,2,0.04081632653061224,47
8731,24,3,0.125,21
8732,81,0,0.0,81
8733,38,3,0.07894736842105263,35
8734,34,0,0.0,34
8735,73,0,0.0,73
8736,81,81,1.0,0
8737,20,2,0.1,18
8738,38,1,0.02631578947368421,37
8739,24,4,0.16666666666666666,20
8740,42,3,0.07142857142857142,39
8741,41,2,0.04878048780487805,39
8742,38,3,0.07894736842105263,35
8743,51,3,0.058823529411764705,48
8744,35,7,0.2,28
8745,26,1,0.038461538461538464,25
8746,23,7,0.30434782608695654,16
8747,81,1,0.012345679012345678,80
8748,27,3,0.1111111111111111,24
8749,64,0,0.0,64
8750,30,3,0.1,27
8751,17,5,0.29411764705882354,12
8752,46,3,0.06521739130434782,43
8753,8,4,0.5,4
8754,15,0,0.0,15
8755,81,2,0.024691358024691357,79
8756,68,1,0.014705882352941176,67
8757,60,2,0.03333333333333333,58
8758,18,2,0.1111111111111111,16
8759,51,4,0.0784313725490196,47
8760,34,1,0.029411764705882353,33
8761,76,1,0.013157894736842105,75
8762,25,0,0.0,25
8763,56,0,0.0,56
8764,81,77,0.9506172839506173,4
8765,11,2,0.18181818181818182,9
8766,19,5,0.2631578947368421,14
8767,77,0,0.0,77
8768,32,0,0.0,32
8769,34,4,0.11764705882352941,30
8770,21,3,0.14285714285714285,18
8771,42,7,0.16666666666666666,35
8772,23,2,0.08695652173913043,21
8773,11,0,0.0,11
8774,12,0,0.0,12
8775,16,1,0.0625,15
8776,69,0,0.0,69
8777,81,2,0.024691358024691357,79
8778,50,1,0.02,49
8779,77,1,0.012987012987012988,76
8780,16,2,0.125,14
8781,79,1,0.012658227848101266,78
8782,34,4,0.11764705882352941,30
8783,30,3,0.1,27
8784,43,5,0.11627906976744186,38
8785,12,4,0.3333333333333333,8
8786,81,1,0.012345679012345678,80
8787,59,1,0.01694915254237288,58
8788,15,2,0.13333333333333333,13
8789,56,3,0.05357142857142857,53
8790,32,2,0.0625,30
8791,39,8,0.20512820512820512,31
8792,10,4,0.4,6
8793,63,1,0.015873015873015872,62
8794,56,0,0.0,56
8795,46,4,0.08695652173913043,42
8796,56,6,0.10714285714285714,50
8797,30,0,0.0,30
8798,7,3,0.42857142857142855,4
8799,81,0,0.0,81
8800,4,3,0.75,1
8801,77,1,0.012987012987012988,76
8802,81,0,0.0,81
8803,11,2,0.18181818181818182,9
8804,81,1,0.012345679012345678,80
8805,60,2,0.03333333333333333,58
8806,35,4,0.11428571428571428,31
8807,63,3,0.047619047619047616,60
8808,18,4,0.2222222222222222,14
8809,81,19,0.2345679012345679,62
8810,35,5,0.14285714285714285,30
8811,60,1,0.016666666666666666,59
8812,21,5,0.23809523809523808,16
8813,62,2,0.03225806451612903,60
8814,39,3,0.07692307692307693,36
8815,26,1,0.038461538461538464,25
8816,18,1,0.05555555555555555,17
8817,75,1,0.013333333333333334,74
8818,81,3,0.037037037037037035,78
8819,48,0,0.0,48
8820,10,3,0.3,7
8821,25,3,0.12,22
8822,81,67,0.8271604938271605,14
8823,81,0,0.0,81
8824,21,4,0.19047619047619047,17
8825,62,3,0.04838709677419355,59
8826,32,3,0.09375,29
8827,23,5,0.21739130434782608,18
8828,81,0,0.0,81
8829,9,0,0.0,9
8830,42,4,0.09523809523809523,38
8831,52,1,0.019230769230769232,51
8832,62,4,0.06451612903225806,58
8833,81,0,0.0,81
8834,50,38,0.76,12
8835,76,2,0.02631578947368421,74
8836,56,3,0.05357142857142857,53
8837,17,1,0.058823529411764705,16
8838,81,0,0.0,81
8839,9,0,0.0,9
8840,41,0,0.0,41
8841,69,8,0.11594202898550725,61
8842,65,0,0.0,65
8843,35,6,0.17142857142857143,29
8844,28,1,0.03571428571428571,27
8845,6,0,0.0,6
8846,44,2,0.045454545454545456,42
8847,8,0,0.0,8
8848,38,2,0.05263157894736842,36
8849,8,0,0.0,8
8850,31,5,0.16129032258064516,26
8851,81,3,0.037037037037037035,78
8852,67,0,0.0,67
8853,29,3,0.10344827586206896,26
8854,5,2,0.4,3
8855,81,1,0.012345679012345678,80
8856,3,0,0.0,3
8857,16,8,0.5,8
8858,2,1,0.5,1
8859,16,8,0.5,8
8860,46,4,0.08695652173913043,42
8861,12,7,0.5833333333333334,5
8862,72,2,0.027777777777777776,70
8863,9,0,0.0,9
8864,38,0,0.0,38
8865,24,6,0.25,18
8866,51,3,0.058823529411764705,48
8867,81,0,0.0,81
8868,45,2,0.044444444444444446,43
8869,69,1,0.014492753623188406,68
8870,58,1,0.017241379310344827,57
8871,53,2,0.03773584905660377,51
8872,44,4,0.09090909090909091,40
8873,43,2,0.046511627906976744,41
8874,81,1,0.012345679012345678,80
8875,39,6,0.15384615384615385,33
8876,13,0,0.0,13
8877,40,2,0.05,38
8878,75,0,0.0,75
8879,43,0,0.0,43
8880,67,0,0.0,67
8881,40,4,0.1,36
8882,51,1,0.0196078431372549,50
8883,17,4,0.23529411764705882,13
8884,4,0,0.0,4
8885,14,4,0.2857142857142857,10
8886,14,1,0.07142857142857142,13
8887,71,1,0.014084507042253521,70
8888,68,3,0.04411764705882353,65
8889,81,0,0.0,81
8890,68,0,0.0,68
8891,81,0,0.0,81
8892,27,0,0.0,27
8893,32,3,0.09375,29
8894,35,2,0.05714285714285714,33
8895,51,4,0.0784313725490196,47
8896,77,1,0.012987012987012988,76
8897,80,1,0.0125,79
8898,19,4,0.21052631578947367,15
8899,28,3,0.10714285714285714,25
8900,54,21,0.3888888888888889,33
8901,77,0,0.0,77
8902,55,4,0.07272727272727272,51
8903,30,7,0.23333333333333334,23
8904,15,1,0.06666666666666667,14
8905,45,6,0.13333333333333333,39
8906,14,0,0.0,14
8907,40,3,0.075,37
8908,81,47,0.5802469135802469,34
8909,47,1,0.02127659574468085,46
8910,64,0,0.0,64
8911,65,1,0.015384615384615385,64
8912,41,3,0.07317073170731707,38
8913,5,0,0.0,5
8914,17,2,0.11764705882352941,15
8915,47,2,0.0425531914893617,45
8916,59,2,0.03389830508474576,57
8917,68,2,0.029411764705882353,66
8918,39,1,0.02564102564102564,38
8919,21,6,0.2857142857142857,15
8920,57,2,0.03508771929824561,55
8921,81,1,0.012345679012345678,80
8922,81,0,0.0,81
8923,30,1,0.03333333333333333,29
8924,15,5,0.3333333333333333,10
8925,9,0,0.0,9
8926,79,0,0.0,79
8927,36,7,0.19444444444444445,29
8928,44,2,0.045454545454545456,42
8929,19,0,0.0,19
8930,39,0,0.0,39
8931,57,9,0.15789473684210525,48
8932,26,2,0.07692307692307693,24
8933,57,2,0.03508771929824561,55
8934,21,3,0.14285714285714285,18
8935,24,2,0.08333333333333333,22
8936,12,7,0.5833333333333334,5
8937,14,4,0.2857142857142857,10
8938,35,3,0.08571428571428572,32
8939,52,1,0.019230769230769232,51
8940,81,0,0.0,81
8941,33,3,0.09090909090909091,30
8942,65,1,0.015384615384615385,64
8943,33,2,0.06060606060606061,31
8944,45,2,0.044444444444444446,43
8945,8,5,0.625,3
8946,55,0,0.0,55
8947,24,2,0.08333333333333333,22
8948,44,2,0.045454545454545456,42
8949,36,8,0.2222222222222222,28
8950,65,0,0.0,65
8951,27,4,0.14814814814814814,23
8952,44,0,0.0,44
8953,57,5,0.08771929824561403,52
8954,64,2,0.03125,62
8955,23,5,0.21739130434782608,18
8956,78,0,0.0,78
8957,42,3,0.07142857142857142,39
8958,81,0,0.0,81
8959,66,0,0.0,66
8960,55,7,0.12727272727272726,48
8961,23,8,0.34782608695652173,15
8962,32,6,0.1875,26
8963,58,2,0.034482758620689655,56
8964,13,3,0.23076923076923078,10
8965,68,2,0.029411764705882353,66
8966,80,0,0.0,80
8967,15,4,0.26666666666666666,11
8968,14,0,0.0,14
8969,33,2,0.06060606060606061,31
8970,51,0,0.0,51
8971,54,2,0.037037037037037035,52
8972,81,1,0.012345679012345678,80
8973,34,3,0.08823529411764706,31
8974,7,0,0.0,7
8975,35,6,0.17142857142857143,29
8976,67,1,0.014925373134328358,66
8977,81,0,0.0,81
8978,18,3,0.16666666666666666,15
8979,52,0,0.0,52
8980,50,1,0.02,49
8981,20,2,0.1,18
8982,44,0,0.0,44
8983,17,4,0.23529411764705882,13
8984,78,0,0.0,78
8985,1,1,1.0,0
8986,65,3,0.046153846153846156,62
8987,33,0,0.0,33
8988,81,0,0.0,81
8989,56,5,0.08928571428571429,51
8990,25,5,0.2,20
8991,60,0,0.0,60
8992,67,1,0.014925373134328358,66
8993,81,0,0.0,81
8994,40,4,0.1,36
8995,36,0,0.0,36
8996,61,1,0.01639344262295082,60
8997,30,5,0.16666666666666666,25
8998,25,8,0.32,17
8999,16,0,0.0,16
9000,46,16,0.34782608695652173,30
9001,44,3,0.06818181818181818,41
9002,16,1,0.0625,15
9003,52,1,0.019230769230769232,51
9004,72,1,0.013888888888888888,71
9005,81,0,0.0,81
9006,16,0,0.0,16
9007,35,3,0.08571428571428572,32
9008,66,3,0.045454545454545456,63
9009,71,5,0.07042253521126761,66
9010,23,0,0.0,23
9011,68,0,0.0,68
9012,40,4,0.1,36
9013,12,0,0.0,12
9014,61,0,0.0,61
9015,42,1,0.023809523809523808,41
9016,39,2,0.05128205128205128,37
9017,54,3,0.05555555555555555,51
9018,8,0,0.0,8
9019,15,0,0.0,15
9020,24,7,0.2916666666666667,17
9021,34,2,0.058823529411764705,32
9022,28,0,0.0,28
9023,45,1,0.022222222222222223,44
9024,13,0,0.0,13
9025,40,4,0.1,36
9026,63,4,0.06349206349206349,59
9027,68,1,0.014705882352941176,67
9028,45,4,0.08888888888888889,41
9029,68,3,0.04411764705882353,65
9030,67,3,0.04477611940298507,64
9031,40,2,0.05,38
9032,16,4,0.25,12
9033,44,4,0.09090909090909091,40
9034,70,1,0.014285714285714285,69
9035,12,1,0.08333333333333333,11
9036,45,4,0.08888888888888889,41
9037,12,2,0.16666666666666666,10
9038,69,61,0.8840579710144928,8
9039,80,1,0.0125,79
9040,28,6,0.21428571428571427,22
9041,47,5,0.10638297872340426,42
9042,56,2,0.03571428571428571,54
9043,62,1,0.016129032258064516,61
9044,66,0,0.0,66
9045,57,3,0.05263157894736842,54
9046,18,3,0.16666666666666666,15
9047,27,1,0.037037037037037035,26
9048,40,5,0.125,35
9049,81,1,0.012345679012345678,80
9050,29,1,0.034482758620689655,28
9051,29,9,0.3103448275862069,20
9052,76,1,0.013157894736842105,75
9053,18,1,0.05555555555555555,17
9054,81,0,0.0,81
9055,26,1,0.038461538461538464,25
9056,67,0,0.0,67
9057,78,15,0.19230769230769232,63
9058,37,2,0.05405405405405406,35
9059,36,4,0.1111111111111111,32
9060,40,3,0.075,37
9061,10,3,0.3,7
9062,14,5,0.35714285714285715,9
9063,81,0,0.0,81
9064,36,6,0.16666666666666666,30
9065,25,8,0.32,17
9066,35,4,0.11428571428571428,31
9067,49,2,0.04081632653061224,47
9068,46,4,0.08695652173913043,42
9069,32,7,0.21875,25
9070,68,0,0.0,68
9071,81,0,0.0,81
9072,81,0,0.0,81
9073,20,0,0.0,20
9074,25,1,0.04,24
9075,81,0,0.0,81
9076,13,0,0.0,13
9077,34,5,0.14705882352941177,29
9078,10,1,0.1,9
9079,45,0,0.0,45
9080,37,1,0.02702702702702703,36
9081,58,0,0.0,58
9082,29,0,0.0,29
9083,13,1,0.07692307692307693,12
9084,8,7,0.875,1
9085,56,1,0.017857142857142856,55
9086,19,3,0.15789473684210525,16
9087,46,2,0.043478260869565216,44
9088,21,0,0.0,21
9089,44,7,0.1590909090909091,37
9090,24,3,0.125,21
9091,65,1,0.015384615384615385,64
9092,8,4,0.5,4
9093,61,2,0.03278688524590164,59
9094,31,0,0.0,31
9095,22,0,0.0,22
9096,42,1,0.023809523809523808,41
9097,81,0,0.0,81
9098,28,2,0.07142857142857142,26
9099,57,3,0.05263157894736842,54
9100,1,1,1.0,0
9101,15,3,0.2,12
9102,32,3,0.09375,29
9103,34,3,0.08823529411764706,31
9104,75,0,0.0,75
9105,50,8,0.16,42
9106,81,1,0.012345679012345678,80
9107,49,1,0.02040816326530612,48
9108,80,1,0.0125,79
9109,67,1,0.014925373134328358,66
9110,12,1,0.08333333333333333,11
9111,37,1,0.02702702702702703,36
9112,33,6,0.18181818181818182,27
9113,19,7,0.3684210526315789,12
9114,42,0,0.0,42
9115,22,3,0.13636363636363635,19
9116,22,3,0.13636363636363635,19
9117,41,0,0.0,41
9118,9,5,0.5555555555555556,4
9119,23,1,0.043478260869565216,22
9120,81,1,0.012345679012345678,80
9121,44,1,0.022727272727272728,43
9122,42,2,0.047619047619047616,40
9123,22,0,0.0,22
9124,18,7,0.3888888888888889,11
9125,69,0,0.0,69
9126,81,0,0.0,81
9127,81,22,0.2716049382716049,59
9128,39,9,0.23076923076923078,30
9129,25,1,0.04,24
9130,48,3,0.0625,45
9131,27,1,0.037037037037037035,26
9132,32,7,0.21875,25
9133,40,6,0.15,34
9134,81,0,0.0,81
9135,79,1,0.012658227848101266,78
9136,81,79,0.9753086419753086,2
9137,27,0,0.0,27
9138,28,0,0.0,28
9139,44,1,0.022727272727272728,43
9140,81,3,0.037037037037037035,78
9141,27,2,0.07407407407407407,25
9142,33,3,0.09090909090909091,30
9143,21,4,0.19047619047619047,17
9144,67,1,0.014925373134328358,66
9145,35,7,0.2,28
9146,49,0,0.0,49
9147,5,0,0.0,5
9148,43,3,0.06976744186046512,40
9149,53,1,0.018867924528301886,52
9150,50,3,0.06,47
9151,54,1,0.018518518518518517,53
9152,79,0,0.0,79
9153,40,5,0.125,35
9154,20,1,0.05,19
9155,49,1,0.02040816326530612,48
9156,71,0,0.0,71
9157,34,2,0.058823529411764705,32
9158,18,0,0.0,18
9159,34,3,0.08823529411764706,31
9160,26,4,0.15384615384615385,22
9161,29,4,0.13793103448275862,25
9162,81,0,0.0,81
9163,81,0,0.0,81
9164,55,1,0.01818181818181818,54
9165,47,0,0.0,47
9166,38,2,0.05263157894736842,36
9167,21,8,0.38095238095238093,13
9168,10,2,0.2,8
9169,26,22,0.8461538461538461,4
9170,4,4,1.0,0
9171,17,4,0.23529411764705882,13
9172,26,2,0.07692307692307693,24
9173,45,0,0.0,45
9174,76,0,0.0,76
9175,31,0,0.0,31
9176,59,2,0.03389830508474576,57
9177,72,1,0.013888888888888888,71
9178,81,5,0.06172839506172839,76
9179,6,2,0.3333333333333333,4
9180,38,4,0.10526315789473684,34
9181,73,0,0.0,73
9182,38,2,0.05263157894736842,36
9183,76,1,0.013157894736842105,75
9184,69,0,0.0,69
9185,20,3,0.15,17
9186,47,0,0.0,47
9187,48,1,0.020833333333333332,47
9188,66,1,0.015151515151515152,65
9189,38,1,0.02631578947368421,37
9190,81,0,0.0,81
9191,59,0,0.0,59
9192,36,2,0.05555555555555555,34
9193,24,0,0.0,24
9194,54,1,0.018518518518518517,53
9195,81,1,0.012345679012345678,80
9196,41,0,0.0,41
9197,22,8,0.36363636363636365,14
9198,78,2,0.02564102564102564,76
9199,50,3,0.06,47
9200,19,0,0.0,19
9201,81,0,0.0,81
9202,31,4,0.12903225806451613,27
9203,21,5,0.23809523809523808,16
9204,46,1,0.021739130434782608,45
9205,28,2,0.07142857142857142,26
9206,81,0,0.0,81
9207,33,0,0.0,33
9208,64,0,0.0,64
9209,40,1,0.025,39
9210,13,3,0.23076923076923078,10
9211,29,4,0.13793103448275862,25
9212,42,0,0.0,42
9213,19,1,0.05263157894736842,18
9214,63,0,0.0,63
9215,14,1,0.07142857142857142,13
9216,38,2,0.05263157894736842,36
9217,36,0,0.0,36
9218,80,1,0.0125,79
9219,8,0,0.0,8
9220,81,1,0.012345679012345678,80
9221,6,0,0.0,6
9222,68,0,0.0,68
9223,49,2,0.04081632653061224,47
9224,41,0,0.0,41
9225,81,0,0.0,81
9226,78,0,0.0,78
9227,50,5,0.1,45
9228,6,0,0.0,6
9229,70,5,0.07142857142857142,65
9230,81,0,0.0,81
9231,81,0,0.0,81
9232,42,1,0.023809523809523808,41
9233,26,4,0.15384615384615385,22
9234,22,4,0.18181818181818182,18
9235,81,0,0.0,81
9236,63,0,0.0,63
9237,36,3,0.08333333333333333,33
9238,81,0,0.0,81
9239,33,1,0.030303030303030304,32
9240,20,5,0.25,15
9241,81,81,1.0,0
9242,43,1,0.023255813953488372,42
9243,81,2,0.024691358024691357,79
9244,66,1,0.015151515151515152,65
9245,81,0,0.0,81
9246,31,1,0.03225806451612903,30
9247,32,1,0.03125,31
9248,15,0,0.0,15
9249,41,1,0.024390243902439025,40
9250,6,3,0.5,3
9251,81,68,0.8395061728395061,13
9252,64,2,0.03125,62
9253,81,0,0.0,81
9254,45,5,0.1111111111111111,40
9255,29,0,0.0,29
9256,40,0,0.0,40
9257,45,0,0.0,45
9258,49,1,0.02040816326530612,48
9259,20,0,0.0,20
9260,21,6,0.2857142857142857,15
9261,5,0,0.0,5
9262,29,2,0.06896551724137931,27
9263,43,0,0.0,43
9264,13,0,0.0,13
9265,18,3,0.16666666666666666,15
9266,61,0,0.0,61
9267,40,1,0.025,39
9268,45,0,0.0,45
9269,27,6,0.2222222222222222,21
9270,13,0,0.0,13
9271,23,1,0.043478260869565216,22
9272,72,2,0.027777777777777776,70
9273,55,4,0.07272727272727272,51
9274,79,0,0.0,79
9275,81,0,0.0,81
9276,39,3,0.07692307692307693,36
9277,18,0,0.0,18
9278,66,0,0.0,66
9279,43,5,0.11627906976744186,38
9280,33,9,0.2727272727272727,24
9281,61,1,0.01639344262295082,60
9282,81,0,0.0,81
9283,48,3,0.0625,45
9284,81,2,0.024691358024691357,79
9285,33,2,0.06060606060606061,31
9286,50,1,0.02,49
9287,65,0,0.0,65
9288,81,0,0.0,81
9289,34,0,0.0,34
9290,80,0,0.0,80
9291,21,1,0.047619047619047616,20
9292,81,1,0.012345679012345678,80
9293,50,2,0.04,48
9294,51,2,0.0392156862745098,49
9295,62,3,0.04838709677419355,59
9296,25,6,0.24,19
9297,13,5,0.38461538461538464,8
9298,49,2,0.04081632653061224,47
9299,14,0,0.0,14
9300,20,0,0.0,20
9301,14,1,0.07142857142857142,13
9302,27,5,0.18518518518518517,22
9303,7,6,0.8571428571428571,1
9304,15,1,0.06666666666666667,14
9305,19,4,0.21052631578947367,15
9306,55,1,0.01818181818181818,54
9307,6,2,0.3333333333333333,4
9308,26,1,0.038461538461538464,25
9309,52,1,0.019230769230769232,51
9310,57,4,0.07017543859649122,53
9311,34,4,0.11764705882352941,30
9312,66,0,0.0,66
9313,81,1,0.012345679012345678,80
9314,81,0,0.0,81
9315,40,1,0.025,39
9316,32,0,0.0,32
9317,22,3,0.13636363636363635,19
9318,23,1,0.043478260869565216,22
9319,8,0,0.0,8
9320,81,0,0.0,81
9321,12,6,0.5,6
9322,47,0,0.0,47
9323,44,1,0.022727272727272728,43
9324,14,1,0.07142857142857142,13
9325,22,4,0.18181818181818182,18
9326,4,0,0.0,4
9327,70,1,0.014285714285714285,69
9328,63,1,0.015873015873015872,62
9329,17,0,0.0,17
9330,33,2,0.06060606060606061,31
9331,17,0,0.0,17
9332,79,1,0.012658227848101266,78
9333,33,1,0.030303030303030304,32
9334,51,1,0.0196078431372549,50
9335,58,5,0.08620689655172414,53
9336,29,3,0.10344827586206896,26
9337,24,4,0.16666666666666666,20
9338,43,3,0.06976744186046512,40
9339,20,1,0.05,19
9340,38,2,0.05263157894736842,36
9341,42,4,0.09523809523809523,38
9342,56,2,0.03571428571428571,54
9343,13,4,0.3076923076923077,9
9344,78,0,0.0,78
9345,81,0,0.0,81
9346,81,0,0.0,81
9347,79,1,0.012658227848101266,78
9348,29,5,0.1724137931034483,24
9349,30,3,0.1,27
9350,56,2,0.03571428571428571,54
9351,18,0,0.0,18
9352,67,1,0.014925373134328358,66
9353,8,0,0.0,8
9354,13,5,0.38461538461538464,8
9355,38,0,0.0,38
9356,81,1,0.012345679012345678,80
9357,43,5,0.11627906976744186,38
9358,81,0,0.0,81
9359,61,2,0.03278688524590164,59
9360,42,3,0.07142857142857142,39
9361,6,0,0.0,6
9362,63,1,0.015873015873015872,62
9363,29,4,0.13793103448275862,25
9364,31,6,0.1935483870967742,25
9365,28,5,0.17857142857142858,23
9366,40,2,0.05,38
9367,66,1,0.015151515151515152,65
9368,33,8,0.24242424242424243,25
9369,18,6,0.3333333333333333,12
9370,81,0,0.0,81
9371,45,0,0.0,45
9372,32,0,0.0,32
9373,81,7,0.08641975308641975,74
9374,24,0,0.0,24
9375,6,5,0.8333333333333334,1
9376,53,30,0.5660377358490566,23
9377,68,0,0.0,68
9378,32,1,0.03125,31
9379,13,3,0.23076923076923078,10
9380,61,1,0.01639344262295082,60
9381,14,4,0.2857142857142857,10
9382,17,8,0.47058823529411764,9
9383,81,5,0.06172839506172839,76
9384,30,2,0.06666666666666667,28
9385,19,4,0.21052631578947367,15
9386,36,1,0.027777777777777776,35
9387,12,0,0.0,12
9388,7,0,0.0,7
9389,47,0,0.0,47
9390,30,4,0.13333333333333333,26
9391,81,8,0.09876543209876543,73
9392,81,0,0.0,81
9393,81,1,0.012345679012345678,80
9394,62,62,1.0,0
9395,81,1,0.012345679012345678,80
9396,8,0,0.0,8
9397,46,5,0.10869565217391304,41
9398,10,6,0.6,4
9399,22,1,0.045454545454545456,21
9400,40,4,0.1,36
9401,21,14,0.6666666666666666,7
9402,81,0,0.0,81
9403,12,7,0.5833333333333334,5
9404,12,1,0.08333333333333333,11
9405,44,1,0.022727272727272728,43
9406,66,0,0.0,66
9407,39,2,0.05128205128205128,37
9408,10,0,0.0,10
9409,43,1,0.023255813953488372,42
9410,28,2,0.07142857142857142,26
9411,81,1,0.012345679012345678,80
9412,16,0,0.0,16
9413,12,3,0.25,9
9414,70,2,0.02857142857142857,68
9415,81,11,0.13580246913580246,70
9416,81,1,0.012345679012345678,80
9417,28,3,0.10714285714285714,25
9418,14,1,0.07142857142857142,13
9419,47,6,0.1276595744680851,41
9420,46,5,0.10869565217391304,41
9421,80,1,0.0125,79
9422,21,0,0.0,21
9423,10,3,0.3,7
9424,37,0,0.0,37
9425,69,2,0.028985507246376812,67
9426,36,0,0.0,36
9427,35,4,0.11428571428571428,31
9428,23,3,0.13043478260869565,20
9429,30,3,0.1,27
9430,56,3,0.05357142857142857,53
9431,76,0,0.0,76
9432,58,1,0.017241379310344827,57
9433,76,0,0.0,76
9434,35,0,0.0,35
9435,71,1,0.014084507042253521,70
9436,19,2,0.10526315789473684,17
9437,10,3,0.3,7
9438,33,2,0.06060606060606061,31
9439,77,3,0.03896103896103896,74
9440,31,0,0.0,31
9441,28,7,0.25,21
9442,19,1,0.05263157894736842,18
9443,35,0,0.0,35
9444,32,5,0.15625,27
9445,72,2,0.027777777777777776,70
9446,81,0,0.0,81
9447,81,0,0.0,81
9448,55,2,0.03636363636363636,53
9449,9,0,0.0,9
9450,6,5,0.8333333333333334,1
9451,78,0,0.0,78
9452,38,0,0.0,38
9453,16,4,0.25,12
9454,79,1,0.012658227848101266,78
9455,19,3,0.15789473684210525,16
9456,76,0,0.0,76
9457,58,2,0.034482758620689655,56
9458,23,4,0.17391304347826086,19
9459,72,1,0.013888888888888888,71
9460,20,8,0.4,12
9461,8,2,0.25,6
9462,10,5,0.5,5
9463,81,1,0.012345679012345678,80
9464,68,0,0.0,68
9465,26,4,0.15384615384615385,22
9466,3,2,0.6666666666666666,1
9467,67,1,0.014925373134328358,66
9468,37,0,0.0,37
9469,29,0,0.0,29
9470,46,2,0.043478260869565216,44
9471,58,2,0.034482758620689655,56
9472,42,1,0.023809523809523808,41
9473,25,1,0.04,24
9474,16,3,0.1875,13
9475,43,0,0.0,43
9476,14,0,0.0,14
9477,22,4,0.18181818181818182,18
9478,80,0,0.0,80
9479,19,2,0.10526315789473684,17
9480,39,1,0.02564102564102564,38
9481,81,2,0.024691358024691357,79
9482,62,1,0.016129032258064516,61
9483,22,3,0.13636363636363635,19
9484,65,3,0.046153846153846156,62
9485,23,3,0.13043478260869565,20
9486,26,4,0.15384615384615385,22
9487,46,2,0.043478260869565216,44
9488,28,7,0.25,21
9489,81,0,0.0,81
9490,81,0,0.0,81
9491,44,5,0.11363636363636363,39
9492,59,2,0.03389830508474576,57
9493,46,1,0.021739130434782608,45
9494,57,3,0.05263157894736842,54
9495,16,1,0.0625,15
9496,56,0,0.0,56
9497,44,1,0.022727272727272728,43
9498,12,4,0.3333333333333333,8
9499,58,2,0.034482758620689655,56
9500,26,1,0.038461538461538464,25
9501,37,2,0.05405405405405406,35
9502,35,5,0.14285714285714285,30
9503,40,4,0.1,36
9504,34,3,0.08823529411764706,31
9505,81,0,0.0,81
9506,28,5,0.17857142857142858,23
9507,64,1,0.015625,63
9508,43,9,0.20930232558139536,34
9509,32,2,0.0625,30
9510,46,4,0.08695652173913043,42
9511,26,5,0.19230769230769232,21
9512,32,2,0.0625,30
9513,34,1,0.029411764705882353,33
9514,33,8,0.24242424242424243,25
9515,30,3,0.1,27
9516,14,3,0.21428571428571427,11
9517,50,0,0.0,50
9518,24,8,0.3333333333333333,16
9519,7,2,0.2857142857142857,5
9520,26,3,0.11538461538461539,23
9521,78,1,0.01282051282051282,77
9522,81,0,0.0,81
9523,24,2,0.08333333333333333,22
9524,40,0,0.0,40
9525,9,4,0.4444444444444444,5
9526,25,7,0.28,18
9527,81,1,0.012345679012345678,80
9528,81,1,0.012345679012345678,80
9529,81,0,0.0,81
9530,33,2,0.06060606060606061,31
9531,34,19,0.5588235294117647,15
9532,52,4,0.07692307692307693,48
9533,18,0,0.0,18
9534,8,7,0.875,1
9535,3,2,0.6666666666666666,1
9536,56,2,0.03571428571428571,54
9537,42,3,0.07142857142857142,39
9538,69,1,0.014492753623188406,68
9539,77,1,0.012987012987012988,76
9540,45,3,0.06666666666666667,42
9541,21,2,0.09523809523809523,19
9542,25,4,0.16,21
9543,38,8,0.21052631578947367,30
9544,34,7,0.20588235294117646,27
9545,59,3,0.05084745762711865,56
9546,23,3,0.13043478260869565,20
9547,40,3,0.075,37
9548,81,1,0.012345679012345678,80
9549,62,2,0.03225806451612903,60
9550,68,0,0.0,68
9551,47,0,0.0,47
9552,50,1,0.02,49
9553,24,6,0.25,18
9554,57,3,0.05263157894736842,54
9555,12,2,0.16666666666666666,10
9556,33,1,0.030303030303030304,32
9557,16,2,0.125,14
9558,28,1,0.03571428571428571,27
9559,37,2,0.05405405405405406,35
9560,22,0,0.0,22
9561,81,0,0.0,81
9562,44,3,0.06818181818181818,41
9563,40,5,0.125,35
9564,81,0,0.0,81
9565,20,3,0.15,17
9566,36,6,0.16666666666666666,30
9567,81,0,0.0,81
9568,64,0,0.0,64
9569,79,1,0.012658227848101266,78
9570,81,0,0.0,81
9571,56,0,0.0,56
9572,70,4,0.05714285714285714,66
9573,39,2,0.05128205128205128,37
9574,20,4,0.2,16
9575,40,2,0.05,38
9576,17,4,0.23529411764705882,13
9577,81,0,0.0,81
9578,55,0,0.0,55
9579,66,1,0.015151515151515152,65
9580,28,1,0.03571428571428571,27
9581,79,1,0.012658227848101266,78
9582,53,1,0.018867924528301886,52
9583,22,2,0.09090909090909091,20
9584,10,0,0.0,10
9585,26,0,0.0,26
9586,29,4,0.13793103448275862,25
9587,81,0,0.0,81
9588,48,0,0.0,48
9589,73,2,0.0273972602739726,71
9590,79,0,0.0,79
9591,42,1,0.023809523809523808,41
9592,65,2,0.03076923076923077,63
9593,41,2,0.04878048780487805,39
9594,29,4,0.13793103448275862,25
9595,81,2,0.024691358024691357,79
9596,68,0,0.0,68
9597,14,5,0.35714285714285715,9
9598,51,4,0.0784313725490196,47
9599,7,3,0.42857142857142855,4
9600,24,0,0.0,24
9601,28,5,0.17857142857142858,23
9602,71,5,0.07042253521126761,66
9603,81,0,0.0,81
9604,78,1,0.01282051282051282,77
9605,81,0,0.0,81
9606,49,0,0.0,49
9607,79,0,0.0,79
9608,14,1,0.07142857142857142,13
9609,35,2,0.05714285714285714,33
9610,23,1,0.043478260869565216,22
9611,36,6,0.16666666666666666,30
9612,74,1,0.013513513513513514,73
9613,81,1,0.012345679012345678,80
9614,22,5,0.22727272727272727,17
9615,45,2,0.044444444444444446,43
9616,80,37,0.4625,43
9617,32,6,0.1875,26
9618,30,2,0.06666666666666667,28
9619,31,2,0.06451612903225806,29
9620,41,1,0.024390243902439025,40
9621,46,1,0.021739130434782608,45
9622,64,2,0.03125,62
9623,74,0,0.0,74
9624,81,0,0.0,81
9625,78,0,0.0,78
9626,50,5,0.1,45
9627,38,1,0.02631578947368421,37
9628,81,0,0.0,81
9629,69,4,0.057971014492753624,65
9630,42,1,0.023809523809523808,41
9631,67,1,0.014925373134328358,66
9632,48,1,0.020833333333333332,47
9633,81,0,0.0,81
9634,32,6,0.1875,26
9635,30,0,0.0,30
9636,30,1,0.03333333333333333,29
9637,74,1,0.013513513513513514,73
9638,55,0,0.0,55
9639,57,0,0.0,57
9640,67,1,0.014925373134328358,66
9641,17,2,0.11764705882352941,15
9642,48,3,0.0625,45
9643,22,1,0.045454545454545456,21
9644,9,8,0.8888888888888888,1
9645,15,0,0.0,15
9646,76,0,0.0,76
9647,33,3,0.09090909090909091,30
9648,78,0,0.0,78
9649,52,0,0.0,52
9650,43,2,0.046511627906976744,41
9651,15,1,0.06666666666666667,14
9652,14,2,0.14285714285714285,12
9653,3,1,0.3333333333333333,2
9654,47,3,0.06382978723404255,44
9655,10,0,0.0,10
9656,52,4,0.07692307692307693,48
9657,59,5,0.0847457627118644,54
9658,61,1,0.01639344262295082,60
9659,26,6,0.23076923076923078,20
9660,19,0,0.0,19
9661,77,0,0.0,77
9662,71,0,0.0,71
9663,4,4,1.0,0
9664,72,0,0.0,72
9665,81,0,0.0,81
9666,7,0,0.0,7
9667,28,2,0.07142857142857142,26
9668,3,0,0.0,3
9669,24,0,0.0,24
9670,50,0,0.0,50
9671,45,2,0.044444444444444446,43
9672,58,2,0.034482758620689655,56
9673,40,0,0.0,40
9674,53,1,0.018867924528301886,52
9675,38,0,0.0,38
9676,21,4,0.19047619047619047,17
9677,27,0,0.0,27
9678,34,5,0.14705882352941177,29
9679,7,0,0.0,7
9680,81,2,0.024691358024691357,79
9681,81,0,0.0,81
9682,81,0,0.0,81
9683,81,1,0.012345679012345678,80
9684,12,1,0.08333333333333333,11
9685,71,3,0.04225352112676056,68
9686,17,0,0.0,17
9687,81,0,0.0,81
9688,81,0,0.0,81
9689,81,1,0.012345679012345678,80
9690,17,4,0.23529411764705882,13
9691,11,4,0.36363636363636365,7
9692,62,1,0.016129032258064516,61
9693,47,0,0.0,47
9694,49,0,0.0,49
9695,48,1,0.020833333333333332,47
9696,29,2,0.06896551724137931,27
9697,30,1,0.03333333333333333,29
9698,61,3,0.04918032786885246,58
9699,81,0,0.0,81
9700,33,1,0.030303030303030304,32
9701,26,2,0.07692307692307693,24
9702,56,1,0.017857142857142856,55
9703,6,2,0.3333333333333333,4
9704,57,0,0.0,57
9705,16,1,0.0625,15
9706,45,2,0.044444444444444446,43
9707,50,0,0.0,50
9708,81,0,0.0,81
9709,14,3,0.21428571428571427,11
9710,66,0,0.0,66
9711,70,1,0.014285714285714285,69
9712,20,0,0.0,20
9713,79,1,0.012658227848101266,78
9714,48,1,0.020833333333333332,47
9715,81,1,0.012345679012345678,80
9716,39,4,0.10256410256410256,35
9717,10,0,0.0,10
9718,44,1,0.022727272727272728,43
9719,40,1,0.025,39
9720,9,0,0.0,9
9721,45,5,0.1111111111111111,40
9722,23,0,0.0,23
9723,41,5,0.12195121951219512,36
9724,81,0,0.0,81
9725,48,3,0.0625,45
9726,81,1,0.012345679012345678,80
9727,45,5,0.1111111111111111,40
9728,17,4,0.23529411764705882,13
9729,39,2,0.05128205128205128,37
9730,56,1,0.017857142857142856,55
9731,37,4,0.10810810810810811,33
9732,81,1,0.012345679012345678,80
9733,73,7,0.0958904109589041,66
9734,21,3,0.14285714285714285,18
9735,81,0,0.0,81
9736,79,0,0.0,79
9737,75,0,0.0,75
9738,46,3,0.06521739130434782,43
9739,3,1,0.3333333333333333,2
9740,30,3,0.1,27
9741,73,0,0.0,73
9742,54,2,0.037037037037037035,52
9743,61,1,0.01639344262295082,60
9744,56,2,0.03571428571428571,54
9745,57,0,0.0,57
9746,8,0,0.0,8
9747,79,0,0.0,79
9748,28,2,0.07142857142857142,26
9749,17,1,0.058823529411764705,16
9750,81,0,0.0,81
9751,46,3,0.06521739130434782,43
9752,47,3,0.06382978723404255,44
9753,30,8,0.26666666666666666,22
9754,81,5,0.06172839506172839,76
9755,15,0,0.0,15
9756,60,0,0.0,60
9757,35,5,0.14285714285714285,30
9758,65,0,0.0,65
9759,55,2,0.03636363636363636,53
9760,69,3,0.043478260869565216,66
9761,5,0,0.0,5
9762,37,3,0.08108108108108109,34
9763,17,1,0.058823529411764705,16
9764,49,5,0.10204081632653061,44
9765,43,0,0.0,43
9766,77,3,0.03896103896103896,74
9767,63,0,0.0,63
9768,24,0,0.0,24
9769,74,2,0.02702702702702703,72
9770,11,3,0.2727272727272727,8
9771,78,1,0.01282051282051282,77
9772,21,1,0.047619047619047616,20
9773,52,0,0.0,52
9774,69,0,0.0,69
9775,67,2,0.029850746268656716,65
9776,53,2,0.03773584905660377,51
9777,53,4,0.07547169811320754,49
9778,15,3,0.2,12
9779,31,3,0.0967741935483871,28
9780,30,0,0.0,30
9781,25,5,0.2,20
9782,62,0,0.0,62
9783,24,5,0.20833333333333334,19
9784,14,8,0.5714285714285714,6
9785,76,0,0.0,76
9786,81,2,0.024691358024691357,79
9787,30,0,0.0,30
9788,75,1,0.013333333333333334,74
9789,43,2,0.046511627906976744,41
9790,81,0,0.0,81
9791,54,2,0.037037037037037035,52
9792,81,1,0.012345679012345678,80
9793,53,3,0.05660377358490566,50
9794,38,3,0.07894736842105263,35
9795,60,0,0.0,60
9796,57,8,0.14035087719298245,49
9797,81,0,0.0,81
9798,34,0,0.0,34
9799,57,24,0.42105263157894735,33
9800,76,0,0.0,76
9801,19,4,0.21052631578947367,15
9802,14,6,0.42857142857142855,8
9803,70,1,0.014285714285714285,69
9804,79,1,0.012658227848101266,78
9805,19,1,0.05263157894736842,18
9806,56,5,0.08928571428571429,51
9807,61,2,0.03278688524590164,59
9808,64,0,0.0,64
9809,33,3,0.09090909090909091,30
9810,36,5,0.1388888888888889,31
9811,81,0,0.0,81
9812,23,3,0.13043478260869565,20
9813,31,4,0.12903225806451613,27
9814,15,5,0.3333333333333333,10
9815,38,3,0.07894736842105263,35
9816,26,2,0.07692307692307693,24
9817,53,3,0.05660377358490566,50
9818,43,0,0.0,43
9819,51,3,0.058823529411764705,48
9820,75,1,0.013333333333333334,74
9821,52,3,0.057692307692307696,49
9822,47,1,0.02127659574468085,46
9823,69,1,0.014492753623188406,68
9824,59,1,0.01694915254237288,58
9825,28,7,0.25,21
9826,17,1,0.058823529411764705,16
9827,50,4,0.08,46
9828,29,2,0.06896551724137931,27
9829,38,2,0.05263157894736842,36
9830,43,1,0.023255813953488372,42
9831,32,1,0.03125,31
9832,71,0,0.0,71
9833,53,1,0.018867924528301886,52
9834,18,2,0.1111111111111111,16
9835,59,4,0.06779661016949153,55
9836,35,1,0.02857142857142857,34
9837,70,1,0.014285714285714285,69
9838,55,1,0.01818181818181818,54
9839,73,1,0.0136986301369863,72
9840,60,2,0.03333333333333333,58
9841,75,2,0.02666666666666667,73
9842,43,3,0.06976744186046512,40
9843,54,0,0.0,54
9844,8,3,0.375,5
9845,26,4,0.15384615384615385,22
9846,62,0,0.0,62
9847,41,0,0.0,41
9848,10,5,0.5,5
9849,39,0,0.0,39
9850,46,2,0.043478260869565216,44
9851,68,0,0.0,68
9852,55,1,0.01818181818181818,54
9853,20,7,0.35,13
9854,44,3,0.06818181818181818,41
9855,20,5,0.25,15
9856,58,2,0.034482758620689655,56
9857,20,1,0.05,19
9858,46,11,0.2391304347826087,35
9859,15,1,0.06666666666666667,14
9860,33,3,0.09090909090909091,30
9861,70,0,0.0,70
9862,81,10,0.12345679012345678,71
9863,58,2,0.034482758620689655,56
9864,15,2,0.13333333333333333,13
9865,62,1,0.016129032258064516,61
9866,57,5,0.08771929824561403,52
9867,55,2,0.03636363636363636,53
9868,40,2,0.05,38
9869,81,5,0.06172839506172839,76
9870,34,1,0.029411764705882353,33
9871,54,1,0.018518518518518517,53
9872,21,2,0.09523809523809523,19
9873,81,1,0.012345679012345678,80
9874,27,2,0.07407407407407407,25
9875,5,0,0.0,5
9876,34,5,0.14705882352941177,29
9877,45,0,0.0,45
9878,46,1,0.021739130434782608,45
9879,32,1,0.03125,31
9880,43,0,0.0,43
9881,81,0,0.0,81
9882,50,4,0.08,46
9883,7,4,0.5714285714285714,3
9884,29,7,0.2413793103448276,22
9885,54,2,0.037037037037037035,52
9886,8,1,0.125,7
9887,10,0,0.0,10
9888,33,1,0.030303030303030304,32
9889,79,1,0.012658227848101266,78
9890,42,0,0.0,42
9891,18,8,0.4444444444444444,10
9892,71,2,0.028169014084507043,69
9893,47,0,0.0,47
9894,26,3,0.11538461538461539,23
9895,13,0,0.0,13
9896,4,0,0.0,4
9897,18,5,0.2777777777777778,13
9898,52,5,0.09615384615384616,47
9899,61,3,0.04918032786885246,58
9900,23,2,0.08695652173913043,21
9901,7,4,0.5714285714285714,3
9902,81,1,0.012345679012345678,80
9903,68,1,0.014705882352941176,67
9904,25,4,0.16,21
9905,17,1,0.058823529411764705,16
9906,30,6,0.2,24
9907,12,2,0.16666666666666666,10
9908,81,0,0.0,81
9909,27,1,0.037037037037037035,26
9910,81,0,0.0,81
9911,68,1,0.014705882352941176,67
9912,32,7,0.21875,25
9913,62,1,0.016129032258064516,61
9914,65,0,0.0,65
9915,81,0,0.0,81
9916,8,2,0.25,6
9917,32,1,0.03125,31
9918,14,2,0.14285714285714285,12
9919,13,1,0.07692307692307693,12
9920,54,2,0.037037037037037035,52
9921,40,6,0.15,34
9922,12,3,0.25,9
9923,17,0,0.0,17
9924,24,1,0.041666666666666664,23
9925,31,1,0.03225806451612903,30
9926,31,0,0.0,31
9927,60,3,0.05,57
9928,21,1,0.047619047619047616,20
9929,41,3,0.07317073170731707,38
9930,63,2,0.031746031746031744,61
9931,18,7,0.3888888888888889,11
9932,29,4,0.13793103448275862,25
9933,36,0,0.0,36
9934,57,2,0.03508771929824561,55
9935,81,0,0.0,81
9936,19,1,0.05263157894736842,18
9937,47,29,0.6170212765957447,18
9938,44,2,0.045454545454545456,42
9939,74,1,0.013513513513513514,73
9940,13,3,0.23076923076923078,10
9941,80,1,0.0125,79
9942,44,0,0.0,44
9943,5,2,0.4,3
9944,59,0,0.0,59
9945,67,11,0.16417910447761194,56
9946,21,3,0.14285714285714285,18
9947,8,1,0.125,7
9948,59,1,0.01694915254237288,58
9949,81,1,0.012345679012345678,80
9950,58,0,0.0,58
9951,31,1,0.03225806451612903,30
9952,21,3,0.14285714285714285,18
9953,39,4,0.10256410256410256,35
9954,48,4,0.08333333333333333,44
9955,42,2,0.047619047619047616,40
9956,11,0,0.0,11
9957,1,0,0.0,1
9958,81,12,0.14814814814814814,69
9959,49,2,0.04081632653061224,47
9960,20,7,0.35,13
9961,80,1,0.0125,79
9962,18,3,0.16666666666666666,15
9963,47,3,0.06382978723404255,44
9964,26,7,0.2692307692307692,19
9965,81,0,0.0,81
9966,81,1,0.012345679012345678,80
9967,20,3,0.15,17
9968,10,0,0.0,10
9969,13,0,0.0,13
9970,46,0,0.0,46
9971,33,2,0.06060606060606061,31
9972,29,5,0.1724137931034483,24
9973,26,2,0.07692307692307693,24
9974,81,0,0.0,81
9975,9,0,0.0,9
9976,81,2,0.024691358024691357,79
9977,62,0,0.0,62
9978,29,1,0.034482758620689655,28
9979,32,4,0.125,28
9980,37,1,0.02702702702702703,36
9981,11,7,0.6363636363636364,4
9982,47,1,0.02127659574468085,46
9983,81,1,0.012345679012345678,80
9984,17,0,0.0,17
9985,27,6,0.2222222222222222,21
9986,36,5,0.1388888888888889,31
9987,75,2,0.02666666666666667,73
9988,9,4,0.4444444444444444,5
9989,43,2,0.046511627906976744,41
9990,66,1,0.015151515151515152,65
9991,31,8,0.25806451612903225,23
9992,56,1,0.017857142857142856,55
9993,75,4,0.05333333333333334,71
9994,31,7,0.22580645161290322,24
9995,36,2,0.05555555555555555,34
9996,63,3,0.047619047619047616,60
9997,81,0,0.0,81
9998,23,4,0.17391304347826086,19
9999,41,3,0.07317073170731707,38
10000,24,4,0.16666666666666666,20
10001,31,0,0.0,31
10002,40,3,0.075,37
10003,81,1,0.012345679012345678,80
10004,49,5,0.10204081632653061,44
10005,39,2,0.05128205128205128,37
10006,13,0,0.0,13
10007,5,0,0.0,5
10008,59,0,0.0,59
10009,16,8,0.5,8
10010,14,7,0.5,7
10011,29,2,0.06896551724137931,27
10012,55,8,0.14545454545454545,47
10013,65,0,0.0,65
10014,80,4,0.05,76
10015,81,1,0.012345679012345678,80
10016,19,0,0.0,19
10017,69,0,0.0,69
10018,64,1,0.015625,63
10019,32,6,0.1875,26
10020,52,0,0.0,52
10021,30,5,0.16666666666666666,25
10022,48,0,0.0,48
10023,81,2,0.024691358024691357,79
10024,36,3,0.08333333333333333,33
10025,81,1,0.012345679012345678,80
10026,25,4,0.16,21
10027,72,1,0.013888888888888888,71
10028,22,6,0.2727272727272727,16
10029,35,0,0.0,35
10030,41,2,0.04878048780487805,39
10031,23,4,0.17391304347826086,19
10032,25,4,0.16,21
10033,81,1,0.012345679012345678,80
10034,63,0,0.0,63
10035,43,3,0.06976744186046512,40
10036,39,2,0.05128205128205128,37
10037,81,0,0.0,81
10038,6,2,0.3333333333333333,4
10039,62,2,0.03225806451612903,60
10040,28,5,0.17857142857142858,23
10041,44,1,0.022727272727272728,43
10042,31,2,0.06451612903225806,29
10043,41,5,0.12195121951219512,36
10044,66,0,0.0,66
10045,61,1,0.01639344262295082,60
10046,81,0,0.0,81
10047,16,5,0.3125,11
10048,40,9,0.225,31
10049,81,0,0.0,81
10050,17,6,0.35294117647058826,11
10051,47,0,0.0,47
10052,32,4,0.125,28
10053,76,2,0.02631578947368421,74
10054,27,11,0.4074074074074074,16
10055,62,1,0.016129032258064516,61
10056,10,8,0.8,2
10057,47,2,0.0425531914893617,45
10058,21,6,0.2857142857142857,15
10059,75,9,0.12,66
10060,39,1,0.02564102564102564,38
10061,58,1,0.017241379310344827,57
10062,81,1,0.012345679012345678,80
10063,79,1,0.012658227848101266,78
10064,29,1,0.034482758620689655,28
10065,26,3,0.11538461538461539,23
10066,26,0,0.0,26
10067,25,2,0.08,23
10068,71,0,0.0,71
10069,67,15,0.22388059701492538,52
10070,81,3,0.037037037037037035,78
10071,40,0,0.0,40
10072,70,1,0.014285714285714285,69
10073,81,0,0.0,81
10074,22,6,0.2727272727272727,16
10075,17,2,0.11764705882352941,15
10076,36,3,0.08333333333333333,33
10077,8,1,0.125,7
10078,23,2,0.08695652173913043,21
10079,43,3,0.06976744186046512,40
10080,23,0,0.0,23
10081,81,11,0.13580246913580246,70
10082,28,0,0.0,28
10083,46,1,0.021739130434782608,45
10084,56,10,0.17857142857142858,46
10085,47,2,0.0425531914893617,45
10086,14,0,0.0,14
10087,19,2,0.10526315789473684,17
10088,32,0,0.0,32
10089,4,4,1.0,0
10090,15,2,0.13333333333333333,13
10091,33,5,0.15151515151515152,28
10092,51,1,0.0196078431372549,50
10093,9,4,0.4444444444444444,5
10094,80,1,0.0125,79
10095,42,4,0.09523809523809523,38
10096,44,2,0.045454545454545456,42
10097,80,0,0.0,80
10098,16,2,0.125,14
10099,11,1,0.09090909090909091,10
10100,77,0,0.0,77
10101,34,6,0.17647058823529413,28
10102,11,2,0.18181818181818182,9
10103,53,4,0.07547169811320754,49
10104,23,4,0.17391304347826086,19
10105,30,6,0.2,24
10106,26,7,0.2692307692307692,19
10107,66,1,0.015151515151515152,65
10108,49,1,0.02040816326530612,48
10109,54,4,0.07407407407407407,50
10110,79,0,0.0,79
10111,46,1,0.021739130434782608,45
10112,8,3,0.375,5
10113,34,2,0.058823529411764705,32
10114,81,0,0.0,81
10115,63,0,0.0,63
10116,46,2,0.043478260869565216,44
10117,55,0,0.0,55
10118,15,3,0.2,12
10119,38,9,0.23684210526315788,29
10120,45,1,0.022222222222222223,44
10121,51,1,0.0196078431372549,50
10122,66,2,0.030303030303030304,64
10123,39,2,0.05128205128205128,37
10124,71,0,0.0,71
10125,29,3,0.10344827586206896,26
10126,63,3,0.047619047619047616,60
10127,44,0,0.0,44
10128,25,10,0.4,15
10129,48,2,0.041666666666666664,46
10130,10,0,0.0,10
10131,52,6,0.11538461538461539,46
10132,33,3,0.09090909090909091,30
10133,26,7,0.2692307692307692,19
10134,42,5,0.11904761904761904,37
10135,72,2,0.027777777777777776,70
10136,10,2,0.2,8
10137,40,0,0.0,40
10138,49,1,0.02040816326530612,48
10139,32,2,0.0625,30
10140,30,4,0.13333333333333333,26
10141,69,0,0.0,69
10142,23,0,0.0,23
10143,31,0,0.0,31
10144,33,3,0.09090909090909091,30
10145,46,2,0.043478260869565216,44
10146,62,0,0.0,62
10147,53,2,0.03773584905660377,51
10148,16,1,0.0625,15
10149,53,1,0.018867924528301886,52
10150,81,1,0.012345679012345678,80
10151,81,0,0.0,81
10152,43,0,0.0,43
10153,81,1,0.012345679012345678,80
10154,32,7,0.21875,25
10155,43,4,0.09302325581395349,39
10156,54,1,0.018518518518518517,53
10157,65,3,0.046153846153846156,62
10158,81,0,0.0,81
10159,13,3,0.23076923076923078,10
10160,54,0,0.0,54
10161,78,0,0.0,78
10162,44,0,0.0,44
10163,33,0,0.0,33
10164,26,0,0.0,26
10165,13,1,0.07692307692307693,12
10166,49,4,0.08163265306122448,45
10167,79,0,0.0,79
10168,22,5,0.22727272727272727,17
10169,81,1,0.012345679012345678,80
10170,42,4,0.09523809523809523,38
10171,21,2,0.09523809523809523,19
10172,25,9,0.36,16
10173,81,1,0.012345679012345678,80
10174,8,0,0.0,8
10175,60,1,0.016666666666666666,59
10176,4,0,0.0,4
10177,28,0,0.0,28
10178,37,5,0.13513513513513514,32
10179,19,2,0.10526315789473684,17
10180,62,1,0.016129032258064516,61
10181,21,5,0.23809523809523808,16
10182,43,0,0.0,43
10183,32,3,0.09375,29
10184,44,4,0.09090909090909091,40
10185,25,0,0.0,25
10186,32,7,0.21875,25
10187,24,1,0.041666666666666664,23
10188,38,4,0.10526315789473684,34
10189,81,0,0.0,81
10190,77,1,0.012987012987012988,76
10191,8,1,0.125,7
10192,70,1,0.014285714285714285,69
10193,32,3,0.09375,29
10194,81,2,0.024691358024691357,79
10195,48,2,0.041666666666666664,46
10196,46,5,0.10869565217391304,41
10197,6,0,0.0,6
10198,18,7,0.3888888888888889,11
10199,76,1,0.013157894736842105,75
10200,42,3,0.07142857142857142,39
10201,67,0,0.0,67
10202,23,5,0.21739130434782608,18
10203,81,1,0.012345679012345678,80
10204,46,6,0.13043478260869565,40
10205,78,0,0.0,78
10206,25,3,0.12,22
10207,44,4,0.09090909090909091,40
10208,29,5,0.1724137931034483,24
10209,29,0,0.0,29
10210,64,1,0.015625,63
10211,29,2,0.06896551724137931,27
10212,81,0,0.0,81
10213,12,5,0.4166666666666667,7
10214,81,0,0.0,81
10215,17,5,0.29411764705882354,12
10216,57,1,0.017543859649122806,56
10217,22,5,0.22727272727272727,17
10218,57,1,0.017543859649122806,56
10219,3,1,0.3333333333333333,2
10220,55,8,0.14545454545454545,47
10221,81,0,0.0,81
10222,33,1,0.030303030303030304,32
10223,21,2,0.09523809523809523,19
10224,14,2,0.14285714285714285,12
10225,38,1,0.02631578947368421,37
10226,38,3,0.07894736842105263,35
10227,10,0,0.0,10
10228,35,5,0.14285714285714285,30
10229,57,0,0.0,57
10230,66,0,0.0,66
10231,27,0,0.0,27
10232,70,1,0.014285714285714285,69
10233,10,2,0.2,8
10234,58,1,0.017241379310344827,57
10235,46,0,0.0,46
10236,38,5,0.13157894736842105,33
10237,69,1,0.014492753623188406,68
10238,36,0,0.0,36
10239,15,3,0.2,12
10240,13,1,0.07692307692307693,12
10241,16,0,0.0,16
10242,29,0,0.0,29
10243,48,2,0.041666666666666664,46
10244,77,0,0.0,77
10245,67,2,0.029850746268656716,65
10246,33,6,0.18181818181818182,27
10247,81,0,0.0,81
10248,30,4,0.13333333333333333,26
10249,50,3,0.06,47
10250,81,0,0.0,81
10251,19,5,0.2631578947368421,14
10252,36,1,0.027777777777777776,35
10253,42,0,0.0,42
10254,54,1,0.018518518518518517,53
10255,51,1,0.0196078431372549,50
10256,66,0,0.0,66
10257,48,0,0.0,48
10258,11,1,0.09090909090909091,10
10259,49,0,0.0,49
10260,34,4,0.11764705882352941,30
10261,56,2,0.03571428571428571,54
10262,22,2,0.09090909090909091,20
10263,81,0,0.0,81
10264,44,4,0.09090909090909091,40
10265,39,9,0.23076923076923078,30
10266,75,2,0.02666666666666667,73
10267,32,2,0.0625,30
10268,81,1,0.012345679012345678,80
10269,21,3,0.14285714285714285,18
10270,42,4,0.09523809523809523,38
10271,22,0,0.0,22
10272,56,0,0.0,56
10273,81,2,0.024691358024691357,79
10274,17,2,0.11764705882352941,15
10275,81,0,0.0,81
10276,39,1,0.02564102564102564,38
10277,67,2,0.029850746268656716,65
10278,8,2,0.25,6
10279,13,3,0.23076923076923078,10
10280,67,3,0.04477611940298507,64
10281,58,0,0.0,58
10282,81,2,0.024691358024691357,79
10283,22,7,0.3181818181818182,15
10284,15,2,0.13333333333333333,13
10285,45,1,0.022222222222222223,44
10286,29,5,0.1724137931034483,24
10287,29,1,0.034482758620689655,28
10288,29,0,0.0,29
10289,10,1,0.1,9
10290,22,4,0.18181818181818182,18
10291,81,4,0.04938271604938271,77
10292,74,0,0.0,74
10293,25,3,0.12,22
10294,47,5,0.10638297872340426,42
10295,46,0,0.0,46
10296,81,1,0.012345679012345678,80
10297,46,0,0.0,46
10298,39,5,0.1282051282051282,34
10299,72,0,0.0,72
10300,10,0,0.0,10
10301,3,0,0.0,3
10302,81,3,0.037037037037037035,78
10303,14,4,0.2857142857142857,10
10304,77,0,0.0,77
10305,81,0,0.0,81
10306,27,1,0.037037037037037035,26
10307,23,4,0.17391304347826086,19
10308,56,6,0.10714285714285714,50
10309,34,2,0.058823529411764705,32
10310,14,0,0.0,14
10311,46,5,0.10869565217391304,41
10312,58,1,0.017241379310344827,57
10313,52,0,0.0,52
10314,5,0,0.0,5
10315,18,4,0.2222222222222222,14
10316,79,0,0.0,79
10317,56,0,0.0,56
10318,44,1,0.022727272727272728,43
10319,34,1,0.029411764705882353,33
10320,6,3,0.5,3
10321,54,1,0.018518518518518517,53
10322,49,6,0.12244897959183673,43
10323,46,6,0.13043478260869565,40
10324,45,4,0.08888888888888889,41
10325,81,0,0.0,81
10326,36,3,0.08333333333333333,33
10327,78,0,0.0,78
10328,50,6,0.12,44
10329,81,0,0.0,81
10330,12,0,0.0,12
10331,25,2,0.08,23
10332,78,1,0.01282051282051282,77
10333,15,1,0.06666666666666667,14
10334,81,0,0.0,81
10335,38,0,0.0,38
10336,35,2,0.05714285714285714,33
10337,55,1,0.01818181818181818,54
10338,41,3,0.07317073170731707,38
10339,31,0,0.0,31
10340,54,0,0.0,54
10341,33,0,0.0,33
10342,53,0,0.0,53
10343,18,4,0.2222222222222222,14
10344,13,2,0.15384615384615385,11
10345,31,0,0.0,31
10346,14,2,0.14285714285714285,12
10347,27,4,0.14814814814814814,23
10348,25,4,0.16,21
10349,60,4,0.06666666666666667,56
10350,24,3,0.125,21
10351,41,4,0.0975609756097561,37
10352,72,2,0.027777777777777776,70
10353,40,1,0.025,39
10354,81,0,0.0,81
10355,55,0,0.0,55
10356,81,0,0.0,81
10357,25,0,0.0,25
10358,44,0,0.0,44
10359,26,4,0.15384615384615385,22
10360,43,2,0.046511627906976744,41
10361,4,1,0.25,3
10362,45,1,0.022222222222222223,44
10363,68,0,0.0,68
10364,42,0,0.0,42
10365,32,4,0.125,28
10366,81,0,0.0,81
10367,11,0,0.0,11
10368,69,0,0.0,69
10369,59,0,0.0,59
10370,81,0,0.0,81
10371,81,3,0.037037037037037035,78
10372,6,4,0.6666666666666666,2
10373,15,2,0.13333333333333333,13
10374,24,4,0.16666666666666666,20
10375,62,0,0.0,62
10376,36,4,0.1111111111111111,32
10377,81,0,0.0,81
10378,33,7,0.21212121212121213,26
10379,37,1,0.02702702702702703,36
10380,6,3,0.5,3
10381,40,2,0.05,38
10382,18,2,0.1111111111111111,16
10383,29,2,0.06896551724137931,27
10384,58,3,0.05172413793103448,55
10385,78,0,0.0,78
10386,46,0,0.0,46
10387,81,3,0.037037037037037035,78
10388,18,0,0.0,18
10389,15,7,0.4666666666666667,8
10390,32,1,0.03125,31
10391,45,8,0.17777777777777778,37
10392,28,5,0.17857142857142858,23
10393,25,0,0.0,25
10394,74,1,0.013513513513513514,73
10395,43,1,0.023255813953488372,42
10396,57,4,0.07017543859649122,53
10397,51,0,0.0,51
10398,7,6,0.8571428571428571,1
10399,11,3,0.2727272727272727,8
10400,17,2,0.11764705882352941,15
10401,5,4,0.8,1
10402,49,1,0.02040816326530612,48
10403,7,1,0.14285714285714285,6
10404,81,6,0.07407407407407407,75
10405,25,4,0.16,21
10406,38,2,0.05263157894736842,36
10407,46,0,0.0,46
10408,80,0,0.0,80
10409,61,5,0.08196721311475409,56
10410,27,6,0.2222222222222222,21
10411,53,0,0.0,53
10412,24,4,0.16666666666666666,20
10413,28,5,0.17857142857142858,23
10414,17,2,0.11764705882352941,15
10415,15,2,0.13333333333333333,13
10416,49,4,0.08163265306122448,45
10417,27,1,0.037037037037037035,26
10418,50,1,0.02,49
10419,79,0,0.0,79
10420,65,2,0.03076923076923077,63
10421,81,3,0.037037037037037035,78
10422,42,4,0.09523809523809523,38
10423,52,0,0.0,52
10424,37,4,0.10810810810810811,33
10425,68,0,0.0,68
10426,34,0,0.0,34
10427,50,1,0.02,49
10428,49,2,0.04081632653061224,47
10429,22,0,0.0,22
10430,70,2,0.02857142857142857,68
10431,5,0,0.0,5
10432,78,0,0.0,78
10433,81,1,0.012345679012345678,80
10434,47,1,0.02127659574468085,46
10435,6,3,0.5,3
10436,41,0,0.0,41
10437,44,0,0.0,44
10438,73,1,0.0136986301369863,72
10439,13,3,0.23076923076923078,10
10440,43,2,0.046511627906976744,41
10441,29,4,0.13793103448275862,25
10442,38,1,0.02631578947368421,37
10443,81,0,0.0,81
10444,10,5,0.5,5
10445,7,1,0.14285714285714285,6
10446,48,2,0.041666666666666664,46
10447,22,1,0.045454545454545456,21
10448,27,0,0.0,27
10449,81,1,0.012345679012345678,80
10450,44,1,0.022727272727272728,43
10451,39,5,0.1282051282051282,34
10452,38,4,0.10526315789473684,34
10453,29,2,0.06896551724137931,27
10454,27,3,0.1111111111111111,24
10455,34,2,0.058823529411764705,32
10456,13,3,0.23076923076923078,10
10457,32,1,0.03125,31
10458,66,3,0.045454545454545456,63
10459,66,1,0.015151515151515152,65
10460,29,1,0.034482758620689655,28
10461,6,0,0.0,6
10462,72,3,0.041666666666666664,69
10463,26,2,0.07692307692307693,24
10464,65,0,0.0,65
10465,77,1,0.012987012987012988,76
10466,32,5,0.15625,27
10467,81,3,0.037037037037037035,78
10468,74,0,0.0,74
10469,64,1,0.015625,63
10470,66,1,0.015151515151515152,65
10471,44,2,0.045454545454545456,42
10472,78,1,0.01282051282051282,77
10473,53,1,0.018867924528301886,52
10474,76,2,0.02631578947368421,74
10475,66,1,0.015151515151515152,65
10476,6,6,1.0,0
10477,40,2,0.05,38
10478,27,8,0.2962962962962963,19
10479,41,0,0.0,41
10480,44,2,0.045454545454545456,42
10481,81,0,0.0,81
10482,32,3,0.09375,29
10483,33,3,0.09090909090909091,30
10484,35,2,0.05714285714285714,33
10485,60,1,0.016666666666666666,59
10486,81,0,0.0,81
10487,67,1,0.014925373134328358,66
10488,27,6,0.2222222222222222,21
10489,69,1,0.014492753623188406,68
10490,64,0,0.0,64
10491,18,7,0.3888888888888889,11
10492,65,1,0.015384615384615385,64
10493,14,4,0.2857142857142857,10
10494,81,3,0.037037037037037035,78
10495,67,2,0.029850746268656716,65
10496,3,1,0.3333333333333333,2
10497,37,0,0.0,37
10498,8,3,0.375,5
10499,43,3,0.06976744186046512,40
10500,38,0,0.0,38
10501,71,0,0.0,71
10502,20,0,0.0,20
10503,51,2,0.0392156862745098,49
10504,23,6,0.2608695652173913,17
10505,47,2,0.0425531914893617,45
10506,27,1,0.037037037037037035,26
10507,81,0,0.0,81
10508,81,0,0.0,81
10509,45,3,0.06666666666666667,42
10510,10,4,0.4,6
10511,36,3,0.08333333333333333,33
10512,47,8,0.1702127659574468,39
10513,35,4,0.11428571428571428,31
10514,53,4,0.07547169811320754,49
10515,28,1,0.03571428571428571,27
10516,40,1,0.025,39
10517,14,7,0.5,7
10518,26,2,0.07692307692307693,24
10519,24,4,0.16666666666666666,20
10520,59,4,0.06779661016949153,55
10521,25,2,0.08,23
10522,81,0,0.0,81
10523,28,0,0.0,28
10524,54,0,0.0,54
10525,50,0,0.0,50
10526,39,7,0.1794871794871795,32
10527,75,0,0.0,75
10528,15,0,0.0,15
10529,7,3,0.42857142857142855,4
10530,19,0,0.0,19
10531,68,1,0.014705882352941176,67
10532,50,5,0.1,45
10533,68,3,0.04411764705882353,65
10534,21,1,0.047619047619047616,20
10535,70,1,0.014285714285714285,69
10536,35,1,0.02857142857142857,34
10537,20,0,0.0,20
10538,68,2,0.029411764705882353,66
10539,21,2,0.09523809523809523,19
10540,26,7,0.2692307692307692,19
10541,13,1,0.07692307692307693,12
10542,69,3,0.043478260869565216,66
10543,31,3,0.0967741935483871,28
10544,59,2,0.03389830508474576,57
10545,16,5,0.3125,11
10546,4,3,0.75,1
10547,51,0,0.0,51
10548,21,1,0.047619047619047616,20
10549,17,5,0.29411764705882354,12
10550,26,5,0.19230769230769232,21
10551,62,0,0.0,62
10552,11,2,0.18181818181818182,9
10553,81,0,0.0,81
10554,32,3,0.09375,29
10555,77,2,0.025974025974025976,75
10556,58,6,0.10344827586206896,52
10557,5,0,0.0,5
10558,43,2,0.046511627906976744,41
10559,42,3,0.07142857142857142,39
10560,32,3,0.09375,29
10561,50,1,0.02,49
10562,59,1,0.01694915254237288,58
10563,81,3,0.037037037037037035,78
10564,28,4,0.14285714285714285,24
10565,81,1,0.012345679012345678,80
10566,28,0,0.0,28
10567,40,0,0.0,40
10568,23,4,0.17391304347826086,19
10569,23,2,0.08695652173913043,21
10570,33,5,0.15151515151515152,28
10571,7,0,0.0,7
10572,28,1,0.03571428571428571,27
10573,12,3,0.25,9
10574,40,2,0.05,38
10575,70,1,0.014285714285714285,69
10576,73,0,0.0,73
10577,45,0,0.0,45
10578,49,3,0.061224489795918366,46
10579,81,0,0.0,81
10580,74,1,0.013513513513513514,73
10581,13,1,0.07692307692307693,12
10582,41,0,0.0,41
10583,16,5,0.3125,11
10584,81,0,0.0,81
10585,33,2,0.06060606060606061,31
10586,19,3,0.15789473684210525,16
10587,63,0,0.0,63
10588,34,2,0.058823529411764705,32
10589,37,5,0.13513513513513514,32
10590,74,1,0.013513513513513514,73
10591,41,3,0.07317073170731707,38
10592,51,8,0.1568627450980392,43
10593,37,0,0.0,37
10594,41,5,0.12195121951219512,36
10595,44,3,0.06818181818181818,41
10596,81,0,0.0,81
10597,81,1,0.012345679012345678,80
10598,23,1,0.043478260869565216,22
10599,3,0,0.0,3
10600,80,0,0.0,80
10601,30,2,0.06666666666666667,28
10602,5,4,0.8,1
10603,31,3,0.0967741935483871,28
10604,55,0,0.0,55
10605,35,4,0.11428571428571428,31
10606,54,0,0.0,54
10607,69,0,0.0,69
10608,64,2,0.03125,62
10609,9,0,0.0,9
10610,50,4,0.08,46
10611,36,3,0.08333333333333333,33
10612,21,1,0.047619047619047616,20
10613,31,3,0.0967741935483871,28
10614,81,1,0.012345679012345678,80
10615,53,3,0.05660377358490566,50
10616,41,1,0.024390243902439025,40
10617,46,1,0.021739130434782608,45
10618,60,2,0.03333333333333333,58
10619,22,2,0.09090909090909091,20
10620,81,81,1.0,0
10621,23,4,0.17391304347826086,19
10622,80,0,0.0,80
10623,50,3,0.06,47
10624,54,1,0.018518518518518517,53
10625,66,0,0.0,66
10626,55,6,0.10909090909090909,49
10627,33,0,0.0,33
10628,81,1,0.012345679012345678,80
10629,17,3,0.17647058823529413,14
10630,71,1,0.014084507042253521,70
10631,56,1,0.017857142857142856,55
10632,61,1,0.01639344262295082,60
10633,10,2,0.2,8
10634,22,0,0.0,22
10635,50,3,0.06,47
10636,64,1,0.015625,63
10637,4,0,0.0,4
10638,34,0,0.0,34
10639,17,1,0.058823529411764705,16
10640,37,0,0.0,37
10641,68,3,0.04411764705882353,65
10642,69,1,0.014492753623188406,68
10643,35,3,0.08571428571428572,32
10644,72,2,0.027777777777777776,70
10645,23,3,0.13043478260869565,20
10646,26,8,0.3076923076923077,18
10647,65,1,0.015384615384615385,64
10648,39,3,0.07692307692307693,36
10649,20,1,0.05,19
10650,81,0,0.0,81
10651,71,0,0.0,71
10652,20,2,0.1,18
10653,30,1,0.03333333333333333,29
10654,45,0,0.0,45
10655,81,0,0.0,81
10656,18,2,0.1111111111111111,16
10657,36,4,0.1111111111111111,32
10658,36,1,0.027777777777777776,35
10659,41,1,0.024390243902439025,40
10660,13,7,0.5384615384615384,6
10661,33,3,0.09090909090909091,30
10662,17,3,0.17647058823529413,14
10663,44,6,0.13636363636363635,38
10664,62,2,0.03225806451612903,60
10665,56,1,0.017857142857142856,55
10666,46,3,0.06521739130434782,43
10667,4,0,0.0,4
10668,76,2,0.02631578947368421,74
10669,21,3,0.14285714285714285,18
10670,54,3,0.05555555555555555,51
10671,55,2,0.03636363636363636,53
10672,81,0,0.0,81
10673,1,0,0.0,1
10674,69,0,0.0,69
10675,38,3,0.07894736842105263,35
10676,81,0,0.0,81
10677,26,2,0.07692307692307693,24
10678,71,1,0.014084507042253521,70
10679,12,0,0.0,12
10680,46,2,0.043478260869565216,44
10681,57,0,0.0,57
10682,10,1,0.1,9
10683,54,1,0.018518518518518517,53
10684,52,3,0.057692307692307696,49
10685,7,4,0.5714285714285714,3
10686,46,1,0.021739130434782608,45
10687,65,0,0.0,65
10688,69,4,0.057971014492753624,65
10689,13,2,0.15384615384615385,11
10690,39,0,0.0,39
10691,81,0,0.0,81
10692,28,5,0.17857142857142858,23
10693,57,1,0.017543859649122806,56
10694,38,0,0.0,38
10695,20,4,0.2,16
10696,34,2,0.058823529411764705,32
10697,2,2,1.0,0
10698,49,0,0.0,49
10699,39,0,0.0,39
10700,13,0,0.0,13
10701,28,8,0.2857142857142857,20
10702,11,1,0.09090909090909091,10
10703,4,0,0.0,4
10704,19,2,0.10526315789473684,17
10705,13,4,0.3076923076923077,9
10706,7,0,0.0,7
10707,14,1,0.07142857142857142,13
10708,45,3,0.06666666666666667,42
10709,61,1,0.01639344262295082,60
10710,31,2,0.06451612903225806,29
10711,3,0,0.0,3
10712,24,9,0.375,15
10713,35,5,0.14285714285714285,30
10714,32,1,0.03125,31
10715,65,2,0.03076923076923077,63
10716,51,1,0.0196078431372549,50
10717,9,1,0.1111111111111111,8
10718,62,1,0.016129032258064516,61
10719,36,1,0.027777777777777776,35
10720,27,0,0.0,27
10721,20,5,0.25,15
10722,60,2,0.03333333333333333,58
10723,81,1,0.012345679012345678,80
10724,64,0,0.0,64
10725,81,0,0.0,81
10726,53,1,0.018867924528301886,52
10727,59,0,0.0,59
10728,31,2,0.06451612903225806,29
10729,44,2,0.045454545454545456,42
10730,17,0,0.0,17
10731,31,6,0.1935483870967742,25
10732,39,4,0.10256410256410256,35
10733,68,0,0.0,68
10734,21,1,0.047619047619047616,20
10735,80,0,0.0,80
10736,76,2,0.02631578947368421,74
10737,36,8,0.2222222222222222,28
10738,64,5,0.078125,59
10739,11,2,0.18181818181818182,9
10740,14,3,0.21428571428571427,11
10741,16,2,0.125,14
10742,3,0,0.0,3
10743,35,2,0.05714285714285714,33
10744,47,2,0.0425531914893617,45
10745,13,0,0.0,13
10746,36,0,0.0,36
10747,52,1,0.019230769230769232,51
10748,24,2,0.08333333333333333,22
10749,16,0,0.0,16
10750,33,7,0.21212121212121213,26
10751,25,0,0.0,25
10752,20,1,0.05,19
10753,54,1,0.018518518518518517,53
10754,71,2,0.028169014084507043,69
10755,53,2,0.03773584905660377,51
10756,52,0,0.0,52
10757,53,1,0.018867924528301886,52
10758,81,1,0.012345679012345678,80
10759,15,6,0.4,9
10760,39,4,0.10256410256410256,35
10761,81,0,0.0,81
10762,21,3,0.14285714285714285,18
10763,81,2,0.024691358024691357,79
10764,23,0,0.0,23
10765,70,2,0.02857142857142857,68
10766,44,0,0.0,44
10767,23,6,0.2608695652173913,17
10768,58,1,0.017241379310344827,57
10769,21,4,0.19047619047619047,17
10770,70,1,0.014285714285714285,69
10771,19,1,0.05263157894736842,18
10772,49,0,0.0,49
10773,34,3,0.08823529411764706,31
10774,46,2,0.043478260869565216,44
10775,5,2,0.4,3
10776,81,0,0.0,81
10777,20,2,0.1,18
10778,25,3,0.12,22
10779,56,0,0.0,56
10780,58,0,0.0,58
10781,24,8,0.3333333333333333,16
10782,50,2,0.04,48
10783,50,0,0.0,50
10784,81,0,0.0,81
10785,43,0,0.0,43
10786,29,4,0.13793103448275862,25
10787,53,2,0.03773584905660377,51
10788,60,7,0.11666666666666667,53
10789,52,1,0.019230769230769232,51
10790,43,4,0.09302325581395349,39
10791,40,3,0.075,37
10792,36,0,0.0,36
10793,14,5,0.35714285714285715,9
10794,42,2,0.047619047619047616,40
10795,12,0,0.0,12
10796,10,0,0.0,10
10797,42,5,0.11904761904761904,37
10798,49,6,0.12244897959183673,43
10799,53,2,0.03773584905660377,51
10800,11,0,0.0,11
10801,49,1,0.02040816326530612,48
10802,56,0,0.0,56
10803,80,1,0.0125,79
10804,72,3,0.041666666666666664,69
10805,32,0,0.0,32
10806,26,4,0.15384615384615385,22
10807,71,3,0.04225352112676056,68
10808,50,1,0.02,49
10809,74,0,0.0,74
10810,76,0,0.0,76
10811,7,0,0.0,7
10812,25,3,0.12,22
10813,27,1,0.037037037037037035,26
10814,8,0,0.0,8
10815,42,0,0.0,42
10816,62,2,0.03225806451612903,60
10817,25,1,0.04,24
10818,40,1,0.025,39
10819,17,2,0.11764705882352941,15
10820,31,7,0.22580645161290322,24
10821,23,0,0.0,23
10822,64,2,0.03125,62
10823,55,1,0.01818181818181818,54
10824,27,2,0.07407407407407407,25
10825,39,6,0.15384615384615385,33
10826,44,4,0.09090909090909091,40
10827,9,0,0.0,9
10828,16,6,0.375,10
10829,2,2,1.0,0
10830,63,0,0.0,63
10831,81,0,0.0,81
10832,15,0,0.0,15
10833,9,3,0.3333333333333333,6
10834,28,4,0.14285714285714285,24
10835,14,0,0.0,14
10836,60,2,0.03333333333333333,58
10837,81,4,0.04938271604938271,77
10838,39,3,0.07692307692307693,36
10839,44,4,0.09090909090909091,40
10840,54,8,0.14814814814814814,46
10841,65,0,0.0,65
10842,13,2,0.15384615384615385,11
10843,81,1,0.012345679012345678,80
10844,81,1,0.012345679012345678,80
10845,81,8,0.09876543209876543,73
10846,68,0,0.0,68
10847,29,3,0.10344827586206896,26
10848,81,0,0.0,81
10849,44,6,0.13636363636363635,38
10850,68,1,0.014705882352941176,67
10851,50,3,0.06,47
10852,81,0,0.0,81
10853,11,4,0.36363636363636365,7
10854,17,5,0.29411764705882354,12
10855,63,0,0.0,63
10856,60,0,0.0,60
10857,9,3,0.3333333333333333,6
10858,81,1,0.012345679012345678,80
10859,73,0,0.0,73
10860,64,15,0.234375,49
10861,81,0,0.0,81
10862,12,1,0.08333333333333333,11
10863,77,1,0.012987012987012988,76
10864,65,1,0.015384615384615385,64
10865,40,2,0.05,38
10866,46,1,0.021739130434782608,45
10867,38,4,0.10526315789473684,34
10868,77,1,0.012987012987012988,76
10869,30,3,0.1,27
10870,47,1,0.02127659574468085,46
10871,28,4,0.14285714285714285,24
10872,81,1,0.012345679012345678,80
10873,40,4,0.1,36
10874,32,4,0.125,28
10875,15,2,0.13333333333333333,13
10876,35,1,0.02857142857142857,34
10877,6,0,0.0,6
10878,12,3,0.25,9
10879,66,0,0.0,66
10880,48,7,0.14583333333333334,41
10881,60,1,0.016666666666666666,59
10882,11,3,0.2727272727272727,8
10883,81,3,0.037037037037037035,78
10884,81,0,0.0,81
10885,28,5,0.17857142857142858,23
10886,81,0,0.0,81
10887,81,0,0.0,81
10888,18,2,0.1111111111111111,16
10889,30,2,0.06666666666666667,28
10890,44,4,0.09090909090909091,40
10891,18,3,0.16666666666666666,15
10892,44,3,0.06818181818181818,41
10893,81,0,0.0,81
10894,14,1,0.07142857142857142,13
10895,46,2,0.043478260869565216,44
10896,8,3,0.375,5
10897,4,0,0.0,4
10898,41,1,0.024390243902439025,40
10899,34,7,0.20588235294117646,27
10900,52,2,0.038461538461538464,50
10901,15,2,0.13333333333333333,13
10902,37,0,0.0,37
10903,46,5,0.10869565217391304,41
10904,15,4,0.26666666666666666,11
10905,57,0,0.0,57
10906,69,1,0.014492753623188406,68
10907,30,1,0.03333333333333333,29
10908,33,4,0.12121212121212122,29
10909,16,0,0.0,16
10910,81,0,0.0,81
10911,14,3,0.21428571428571427,11
10912,20,3,0.15,17
10913,24,8,0.3333333333333333,16
10914,81,0,0.0,81
10915,34,4,0.11764705882352941,30
10916,19,3,0.15789473684210525,16
10917,66,1,0.015151515151515152,65
10918,8,3,0.375,5
10919,29,3,0.10344827586206896,26
10920,64,2,0.03125,62
10921,23,3,0.13043478260869565,20
10922,63,1,0.015873015873015872,62
10923,13,3,0.23076923076923078,10
10924,17,10,0.5882352941176471,7
10925,80,1,0.0125,79
10926,81,0,0.0,81
10927,52,1,0.019230769230769232,51
10928,81,1,0.012345679012345678,80
10929,49,2,0.04081632653061224,47
10930,32,6,0.1875,26
10931,65,0,0.0,65
10932,52,1,0.019230769230769232,51
10933,23,1,0.043478260869565216,22
10934,21,0,0.0,21
10935,15,3,0.2,12
10936,62,1,0.016129032258064516,61
10937,33,4,0.12121212121212122,29
10938,26,4,0.15384615384615385,22
10939,30,0,0.0,30
10940,40,2,0.05,38
10941,51,8,0.1568627450980392,43
10942,51,1,0.0196078431372549,50
10943,81,0,0.0,81
10944,34,0,0.0,34
10945,53,2,0.03773584905660377,51
10946,26,0,0.0,26
10947,45,4,0.08888888888888889,41
10948,18,4,0.2222222222222222,14
10949,8,8,1.0,0
10950,80,0,0.0,80
10951,40,6,0.15,34
10952,48,1,0.020833333333333332,47
10953,34,1,0.029411764705882353,33
10954,74,2,0.02702702702702703,72
10955,53,5,0.09433962264150944,48
10956,33,0,0.0,33
10957,44,1,0.022727272727272728,43
10958,32,3,0.09375,29
10959,41,1,0.024390243902439025,40
10960,13,1,0.07692307692307693,12
10961,67,1,0.014925373134328358,66
10962,29,1,0.034482758620689655,28
10963,1,1,1.0,0
10964,37,3,0.08108108108108109,34
10965,12,3,0.25,9
10966,45,0,0.0,45
10967,81,2,0.024691358024691357,79
10968,81,5,0.06172839506172839,76
10969,81,0,0.0,81
10970,18,0,0.0,18
10971,18,0,0.0,18
10972,21,0,0.0,21
10973,41,3,0.07317073170731707,38
10974,81,1,0.012345679012345678,80
10975,80,0,0.0,80
10976,56,0,0.0,56
10977,81,0,0.0,81
10978,64,3,0.046875,61
10979,81,0,0.0,81
10980,16,2,0.125,14
10981,8,5,0.625,3
10982,41,1,0.024390243902439025,40
10983,74,1,0.013513513513513514,73
10984,33,3,0.09090909090909091,30
10985,40,5,0.125,35
10986,56,4,0.07142857142857142,52
10987,10,1,0.1,9
10988,54,0,0.0,54
10989,25,2,0.08,23
10990,34,4,0.11764705882352941,30
10991,29,1,0.034482758620689655,28
10992,81,0,0.0,81
10993,26,5,0.19230769230769232,21
10994,81,2,0.024691358024691357,79
10995,81,21,0.25925925925925924,60
10996,71,0,0.0,71
10997,74,0,0.0,74
10998,44,4,0.09090909090909091,40
10999,21,2,0.09523809523809523,19
11000,81,1,0.012345679012345678,80
11001,67,4,0.05970149253731343,63
11002,9,2,0.2222222222222222,7
11003,81,5,0.06172839506172839,76
11004,31,0,0.0,31
11005,41,0,0.0,41
11006,14,1,0.07142857142857142,13
11007,67,1,0.014925373134328358,66
11008,24,1,0.041666666666666664,23
11009,15,0,0.0,15
11010,59,1,0.01694915254237288,58
11011,30,0,0.0,30
11012,80,1,0.0125,79
11013,22,6,0.2727272727272727,16
11014,57,2,0.03508771929824561,55
11015,67,1,0.014925373134328358,66
11016,54,2,0.037037037037037035,52
11017,18,8,0.4444444444444444,10
11018,15,4,0.26666666666666666,11
11019,79,1,0.012658227848101266,78
11020,5,5,1.0,0
11021,24,0,0.0,24
11022,31,4,0.12903225806451613,27
11023,63,2,0.031746031746031744,61
11024,71,7,0.09859154929577464,64
11025,81,0,0.0,81
11026,31,3,0.0967741935483871,28
11027,79,0,0.0,79
11028,81,3,0.037037037037037035,78
11029,55,1,0.01818181818181818,54
11030,41,0,0.0,41
11031,47,0,0.0,47
11032,23,1,0.043478260869565216,22
11033,33,3,0.09090909090909091,30
11034,81,0,0.0,81
11035,43,4,0.09302325581395349,39
11036,30,1,0.03333333333333333,29
11037,23,4,0.17391304347826086,19
11038,46,5,0.10869565217391304,41
11039,81,2,0.024691358024691357,79
11040,80,1,0.0125,79
11041,61,0,0.0,61
11042,30,4,0.13333333333333333,26
11043,28,3,0.10714285714285714,25
11044,61,1,0.01639344262295082,60
11045,7,1,0.14285714285714285,6
11046,44,6,0.13636363636363635,38
11047,27,0,0.0,27
11048,48,1,0.020833333333333332,47
11049,27,0,0.0,27
11050,64,1,0.015625,63
11051,25,2,0.08,23
11052,80,0,0.0,80
11053,20,4,0.2,16
11054,18,2,0.1111111111111111,16
11055,38,5,0.13157894736842105,33
11056,5,5,1.0,0
11057,66,4,0.06060606060606061,62
11058,81,0,0.0,81
11059,66,1,0.015151515151515152,65
11060,30,1,0.03333333333333333,29
11061,79,1,0.012658227848101266,78
11062,17,0,0.0,17
11063,19,4,0.21052631578947367,15
11064,81,0,0.0,81
11065,16,0,0.0,16
11066,11,3,0.2727272727272727,8
11067,37,0,0.0,37
11068,13,3,0.23076923076923078,10
11069,54,2,0.037037037037037035,52
11070,50,0,0.0,50
11071,39,7,0.1794871794871795,32
11072,45,3,0.06666666666666667,42
11073,74,0,0.0,74
11074,21,4,0.19047619047619047,17
11075,21,2,0.09523809523809523,19
11076,79,3,0.0379746835443038,76
11077,49,7,0.14285714285714285,42
11078,61,0,0.0,61
11079,40,4,0.1,36
11080,17,2,0.11764705882352941,15
11081,61,2,0.03278688524590164,59
11082,58,2,0.034482758620689655,56
11083,75,0,0.0,75
11084,53,2,0.03773584905660377,51
11085,78,1,0.01282051282051282,77
11086,81,2,0.024691358024691357,79
11087,76,11,0.14473684210526316,65
11088,81,1,0.012345679012345678,80
11089,63,0,0.0,63
11090,79,1,0.012658227848101266,78
11091,11,1,0.09090909090909091,10
11092,56,1,0.017857142857142856,55
11093,57,0,0.0,57
11094,44,0,0.0,44
11095,48,0,0.0,48
11096,25,0,0.0,25
11097,48,2,0.041666666666666664,46
11098,38,0,0.0,38
11099,13,0,0.0,13
11100,19,4,0.21052631578947367,15
11101,27,3,0.1111111111111111,24
11102,55,3,0.05454545454545454,52
11103,81,0,0.0,81
11104,25,5,0.2,20
11105,10,0,0.0,10
11106,14,8,0.5714285714285714,6
11107,17,2,0.11764705882352941,15
11108,81,0,0.0,81
11109,19,0,0.0,19
11110,34,4,0.11764705882352941,30
11111,49,1,0.02040816326530612,48
11112,81,0,0.0,81
11113,81,0,0.0,81
11114,73,2,0.0273972602739726,71
11115,31,1,0.03225806451612903,30
11116,81,0,0.0,81
11117,32,3,0.09375,29
11118,16,0,0.0,16
11119,59,0,0.0,59
11120,42,2,0.047619047619047616,40
11121,56,3,0.05357142857142857,53
11122,51,1,0.0196078431372549,50
11123,29,2,0.06896551724137931,27
11124,3,0,0.0,3
11125,62,0,0.0,62
11126,35,1,0.02857142857142857,34
11127,57,0,0.0,57
11128,56,0,0.0,56
11129,81,5,0.06172839506172839,76
11130,41,1,0.024390243902439025,40
11131,21,4,0.19047619047619047,17
11132,30,5,0.16666666666666666,25
11133,46,0,0.0,46
11134,81,1,0.012345679012345678,80
11135,26,2,0.07692307692307693,24
11136,34,3,0.08823529411764706,31
11137,23,2,0.08695652173913043,21
11138,32,1,0.03125,31
11139,46,1,0.021739130434782608,45
11140,81,0,0.0,81
11141,15,0,0.0,15
11142,9,1,0.1111111111111111,8
11143,22,1,0.045454545454545456,21
11144,24,4,0.16666666666666666,20
11145,81,0,0.0,81
11146,1,1,1.0,0
11147,33,2,0.06060606060606061,31
11148,81,1,0.012345679012345678,80
11149,74,0,0.0,74
11150,29,0,0.0,29
11151,29,0,0.0,29
11152,23,2,0.08695652173913043,21
11153,64,1,0.015625,63
11154,51,0,0.0,51
11155,9,2,0.2222222222222222,7
11156,38,4,0.10526315789473684,34
11157,20,0,0.0,20
11158,44,1,0.022727272727272728,43
11159,25,5,0.2,20
11160,38,2,0.05263157894736842,36
11161,22,5,0.22727272727272727,17
11162,81,0,0.0,81
11163,30,2,0.06666666666666667,28
11164,61,4,0.06557377049180328,57
11165,38,7,0.18421052631578946,31
11166,81,26,0.32098765432098764,55
11167,71,1,0.014084507042253521,70
11168,81,0,0.0,81
11169,78,0,0.0,78
11170,5,2,0.4,3
11171,55,4,0.07272727272727272,51
11172,20,5,0.25,15
11173,34,0,0.0,34
11174,64,1,0.015625,63
11175,54,2,0.037037037037037035,52
11176,24,2,0.08333333333333333,22
11177,81,0,0.0,81
11178,73,0,0.0,73
11179,3,0,0.0,3
11180,79,0,0.0,79
11181,8,0,0.0,8
11182,51,2,0.0392156862745098,49
11183,80,1,0.0125,79
11184,7,7,1.0,0
11185,77,1,0.012987012987012988,76
11186,51,3,0.058823529411764705,48
11187,79,1,0.012658227848101266,78
11188,45,3,0.06666666666666667,42
11189,8,1,0.125,7
11190,34,4,0.11764705882352941,30
11191,45,1,0.022222222222222223,44
11192,53,2,0.03773584905660377,51
11193,22,4,0.18181818181818182,18
11194,71,2,0.028169014084507043,69
11195,55,0,0.0,55
11196,13,1,0.07692307692307693,12
11197,59,2,0.03389830508474576,57
11198,30,3,0.1,27
11199,53,2,0.03773584905660377,51
11200,81,0,0.0,81
11201,49,1,0.02040816326530612,48
11202,39,3,0.07692307692307693,36
11203,48,4,0.08333333333333333,44
11204,80,0,0.0,80
11205,14,3,0.21428571428571427,11
11206,26,5,0.19230769230769232,21
11207,46,2,0.043478260869565216,44
11208,81,1,0.012345679012345678,80
11209,81,0,0.0,81
11210,16,3,0.1875,13
11211,22,2,0.09090909090909091,20
11212,75,2,0.02666666666666667,73
11213,41,0,0.0,41
11214,58,3,0.05172413793103448,55
11215,30,7,0.23333333333333334,23
11216,54,1,0.018518518518518517,53
11217,57,1,0.017543859649122806,56
11218,41,2,0.04878048780487805,39
11219,32,0,0.0,32
11220,81,1,0.012345679012345678,80
11221,27,0,0.0,27
11222,73,1,0.0136986301369863,72
11223,79,0,0.0,79
11224,76,7,0.09210526315789473,69
11225,81,4,0.04938271604938271,77
11226,32,5,0.15625,27
11227,20,3,0.15,17
11228,17,6,0.35294117647058826,11
11229,81,0,0.0,81
11230,44,1,0.022727272727272728,43
11231,38,1,0.02631578947368421,37
11232,44,1,0.022727272727272728,43
11233,23,4,0.17391304347826086,19
11234,51,1,0.0196078431372549,50
11235,6,2,0.3333333333333333,4
11236,21,1,0.047619047619047616,20
11237,72,1,0.013888888888888888,71
11238,51,1,0.0196078431372549,50
11239,50,5,0.1,45
11240,16,1,0.0625,15
11241,40,5,0.125,35
11242,67,1,0.014925373134328358,66
11243,70,0,0.0,70
11244,49,1,0.02040816326530612,48
11245,30,2,0.06666666666666667,28
11246,60,0,0.0,60
11247,69,1,0.014492753623188406,68
11248,19,3,0.15789473684210525,16
11249,38,1,0.02631578947368421,37
11250,20,2,0.1,18
11251,51,3,0.058823529411764705,48
11252,49,5,0.10204081632653061,44
11253,59,2,0.03389830508474576,57
11254,53,0,0.0,53
11255,31,6,0.1935483870967742,25
11256,20,7,0.35,13
11257,53,2,0.03773584905660377,51
11258,14,3,0.21428571428571427,11
11259,47,2,0.0425531914893617,45
11260,69,1,0.014492753623188406,68
11261,35,0,0.0,35
11262,62,3,0.04838709677419355,59
11263,16,0,0.0,16
11264,56,3,0.05357142857142857,53
11265,43,1,0.023255813953488372,42
11266,70,2,0.02857142857142857,68
11267,70,0,0.0,70
11268,28,4,0.14285714285714285,24
11269,58,2,0.034482758620689655,56
11270,65,0,0.0,65
11271,81,0,0.0,81
11272,35,2,0.05714285714285714,33
11273,5,2,0.4,3
11274,29,4,0.13793103448275862,25
11275,26,3,0.11538461538461539,23
11276,19,3,0.15789473684210525,16
11277,46,2,0.043478260869565216,44
11278,20,1,0.05,19
11279,36,4,0.1111111111111111,32
11280,28,5,0.17857142857142858,23
11281,79,1,0.012658227848101266,78
11282,31,2,0.06451612903225806,29
11283,48,0,0.0,48
11284,37,5,0.13513513513513514,32
11285,59,1,0.01694915254237288,58
11286,62,0,0.0,62
11287,9,0,0.0,9
11288,23,2,0.08695652173913043,21
11289,41,4,0.0975609756097561,37
11290,55,2,0.03636363636363636,53
11291,41,5,0.12195121951219512,36
11292,4,4,1.0,0
11293,53,3,0.05660377358490566,50
11294,81,0,0.0,81
11295,28,3,0.10714285714285714,25
11296,80,1,0.0125,79
11297,48,3,0.0625,45
11298,35,2,0.05714285714285714,33
11299,30,3,0.1,27
11300,22,0,0.0,22
11301,53,1,0.018867924528301886,52
11302,70,1,0.014285714285714285,69
11303,7,1,0.14285714285714285,6
11304,63,0,0.0,63
11305,40,1,0.025,39
11306,18,3,0.16666666666666666,15
11307,30,2,0.06666666666666667,28
11308,45,0,0.0,45
11309,64,1,0.015625,63
11310,38,5,0.13157894736842105,33
11311,18,8,0.4444444444444444,10
11312,75,2,0.02666666666666667,73
11313,17,1,0.058823529411764705,16
11314,12,2,0.16666666666666666,10
11315,29,3,0.10344827586206896,26
11316,33,1,0.030303030303030304,32
11317,44,6,0.13636363636363635,38
11318,59,3,0.05084745762711865,56
11319,73,1,0.0136986301369863,72
11320,21,0,0.0,21
11321,25,5,0.2,20
11322,79,0,0.0,79
11323,46,3,0.06521739130434782,43
11324,32,4,0.125,28
11325,49,3,0.061224489795918366,46
11326,28,0,0.0,28
11327,81,0,0.0,81
11328,79,0,0.0,79
11329,28,0,0.0,28
11330,15,3,0.2,12
11331,80,0,0.0,80
11332,81,0,0.0,81
11333,25,5,0.2,20
11334,9,3,0.3333333333333333,6
11335,81,0,0.0,81
11336,17,1,0.058823529411764705,16
11337,81,1,0.012345679012345678,80
11338,38,5,0.13157894736842105,33
11339,32,1,0.03125,31
11340,16,6,0.375,10
11341,81,0,0.0,81
11342,48,2,0.041666666666666664,46
11343,32,0,0.0,32
11344,81,0,0.0,81
11345,51,2,0.0392156862745098,49
11346,26,22,0.8461538461538461,4
11347,15,2,0.13333333333333333,13
11348,20,3,0.15,17
11349,39,5,0.1282051282051282,34
11350,81,80,0.9876543209876543,1
11351,25,6,0.24,19
11352,30,4,0.13333333333333333,26
11353,27,1,0.037037037037037035,26
11354,46,1,0.021739130434782608,45
11355,15,0,0.0,15
11356,11,5,0.45454545454545453,6
11357,34,3,0.08823529411764706,31
11358,15,0,0.0,15
11359,7,3,0.42857142857142855,4
11360,34,7,0.20588235294117646,27
11361,81,1,0.012345679012345678,80
11362,81,27,0.3333333333333333,54
11363,2,0,0.0,2
11364,81,0,0.0,81
11365,10,0,0.0,10
11366,20,2,0.1,18
11367,55,1,0.01818181818181818,54
11368,25,1,0.04,24
11369,54,3,0.05555555555555555,51
11370,5,5,1.0,0
11371,19,0,0.0,19
11372,78,0,0.0,78
11373,44,0,0.0,44
11374,20,1,0.05,19
11375,16,8,0.5,8
11376,51,1,0.0196078431372549,50
11377,11,0,0.0,11
11378,35,0,0.0,35
11379,32,4,0.125,28
11380,28,1,0.03571428571428571,27
11381,34,0,0.0,34
11382,81,0,0.0,81
11383,48,2,0.041666666666666664,46
11384,11,1,0.09090909090909091,10
11385,80,2,0.025,78
11386,6,0,0.0,6
11387,58,2,0.034482758620689655,56
11388,75,0,0.0,75
11389,14,4,0.2857142857142857,10
11390,81,0,0.0,81
11391,52,50,0.9615384615384616,2
11392,23,0,0.0,23
11393,81,0,0.0,81
11394,50,0,0.0,50
11395,13,4,0.3076923076923077,9
11396,25,1,0.04,24
11397,68,1,0.014705882352941176,67
11398,71,0,0.0,71
11399,52,0,0.0,52
11400,54,3,0.05555555555555555,51
11401,36,1,0.027777777777777776,35
11402,25,0,0.0,25
11403,81,1,0.012345679012345678,80
11404,2,1,0.5,1
11405,60,0,0.0,60
11406,81,0,0.0,81
11407,70,0,0.0,70
11408,45,3,0.06666666666666667,42
11409,65,0,0.0,65
11410,8,3,0.375,5
11411,16,5,0.3125,11
11412,69,1,0.014492753623188406,68
11413,37,3,0.08108108108108109,34
11414,81,0,0.0,81
11415,26,6,0.23076923076923078,20
11416,23,4,0.17391304347826086,19
11417,59,4,0.06779661016949153,55
11418,78,0,0.0,78
11419,37,1,0.02702702702702703,36
11420,27,4,0.14814814814814814,23
11421,46,2,0.043478260869565216,44
11422,32,1,0.03125,31
11423,81,1,0.012345679012345678,80
11424,81,0,0.0,81
11425,81,0,0.0,81
11426,28,3,0.10714285714285714,25
11427,81,0,0.0,81
11428,31,2,0.06451612903225806,29
11429,81,0,0.0,81
11430,16,0,0.0,16
11431,29,0,0.0,29
11432,18,5,0.2777777777777778,13
11433,81,1,0.012345679012345678,80
11434,36,3,0.08333333333333333,33
11435,10,9,0.9,1
11436,27,2,0.07407407407407407,25
11437,18,0,0.0,18
11438,36,4,0.1111111111111111,32
11439,30,0,0.0,30
11440,81,0,0.0,81
11441,30,4,0.13333333333333333,26
11442,17,2,0.11764705882352941,15
11443,62,0,0.0,62
11444,30,2,0.06666666666666667,28
11445,79,0,0.0,79
11446,23,2,0.08695652173913043,21
11447,81,0,0.0,81
11448,20,4,0.2,16
11449,43,3,0.06976744186046512,40
11450,13,2,0.15384615384615385,11
11451,49,0,0.0,49
11452,41,0,0.0,41
11453,81,1,0.012345679012345678,80
11454,80,0,0.0,80
11455,6,3,0.5,3
11456,36,0,0.0,36
11457,33,2,0.06060606060606061,31
11458,15,1,0.06666666666666667,14
11459,81,0,0.0,81
11460,40,3,0.075,37
11461,27,4,0.14814814814814814,23
11462,17,2,0.11764705882352941,15
11463,65,0,0.0,65
11464,51,0,0.0,51
11465,81,0,0.0,81
11466,32,7,0.21875,25
11467,13,5,0.38461538461538464,8
11468,18,3,0.16666666666666666,15
11469,5,5,1.0,0
11470,33,3,0.09090909090909091,30
11471,68,0,0.0,68
11472,14,0,0.0,14
11473,34,4,0.11764705882352941,30
11474,19,5,0.2631578947368421,14
11475,10,0,0.0,10
11476,43,0,0.0,43
11477,34,2,0.058823529411764705,32
11478,21,0,0.0,21
11479,40,0,0.0,40
11480,45,4,0.08888888888888889,41
11481,81,1,0.012345679012345678,80
11482,14,4,0.2857142857142857,10
11483,81,0,0.0,81
11484,69,0,0.0,69
11485,76,0,0.0,76
11486,56,0,0.0,56
11487,19,2,0.10526315789473684,17
11488,45,0,0.0,45
11489,16,4,0.25,12
11490,46,0,0.0,46
11491,54,2,0.037037037037037035,52
11492,35,0,0.0,35
11493,35,3,0.08571428571428572,32
11494,54,2,0.037037037037037035,52
11495,73,0,0.0,73
11496,81,0,0.0,81
11497,33,2,0.06060606060606061,31
11498,81,0,0.0,81
11499,36,5,0.1388888888888889,31
11500,43,7,0.16279069767441862,36
11501,33,5,0.15151515151515152,28
11502,81,0,0.0,81
11503,53,1,0.018867924528301886,52
11504,33,0,0.0,33
11505,54,0,0.0,54
11506,59,0,0.0,59
11507,44,1,0.022727272727272728,43
11508,77,1,0.012987012987012988,76
11509,19,0,0.0,19
11510,59,8,0.13559322033898305,51
11511,17,2,0.11764705882352941,15
11512,63,0,0.0,63
11513,63,0,0.0,63
11514,62,1,0.016129032258064516,61
11515,42,2,0.047619047619047616,40
11516,63,0,0.0,63
11517,41,3,0.07317073170731707,38
11518,31,1,0.03225806451612903,30
11519,81,1,0.012345679012345678,80
11520,21,1,0.047619047619047616,20
11521,50,2,0.04,48
11522,43,2,0.046511627906976744,41
11523,43,3,0.06976744186046512,40
11524,81,0,0.0,81
11525,79,1,0.012658227848101266,78
11526,8,2,0.25,6
11527,56,0,0.0,56
11528,11,1,0.09090909090909091,10
11529,16,4,0.25,12
11530,44,2,0.045454545454545456,42
11531,18,1,0.05555555555555555,17
11532,58,2,0.034482758620689655,56
11533,49,3,0.061224489795918366,46
11534,81,2,0.024691358024691357,79
11535,63,1,0.015873015873015872,62
11536,68,0,0.0,68
11537,68,4,0.058823529411764705,64
11538,62,1,0.016129032258064516,61
11539,41,6,0.14634146341463414,35
11540,35,5,0.14285714285714285,30
11541,70,0,0.0,70
11542,5,0,0.0,5
11543,31,0,0.0,31
11544,77,4,0.05194805194805195,73
11545,58,0,0.0,58
11546,41,0,0.0,41
11547,19,7,0.3684210526315789,12
11548,16,0,0.0,16
11549,81,0,0.0,81
11550,32,5,0.15625,27
11551,37,0,0.0,37
11552,10,2,0.2,8
11553,33,4,0.12121212121212122,29
11554,18,4,0.2222222222222222,14
11555,10,6,0.6,4
11556,54,0,0.0,54
11557,7,0,0.0,7
11558,16,3,0.1875,13
11559,16,3,0.1875,13
11560,60,3,0.05,57
11561,47,4,0.0851063829787234,43
11562,14,4,0.2857142857142857,10
11563,37,0,0.0,37
11564,48,3,0.0625,45
11565,61,0,0.0,61
11566,59,5,0.0847457627118644,54
11567,45,0,0.0,45
11568,53,2,0.03773584905660377,51
11569,36,2,0.05555555555555555,34
11570,68,0,0.0,68
11571,74,1,0.013513513513513514,73
11572,6,3,0.5,3
11573,9,4,0.4444444444444444,5
11574,54,1,0.018518518518518517,53
11575,61,1,0.01639344262295082,60
11576,28,2,0.07142857142857142,26
11577,38,7,0.18421052631578946,31
11578,29,15,0.5172413793103449,14
11579,14,3,0.21428571428571427,11
11580,67,0,0.0,67
11581,6,0,0.0,6
11582,41,0,0.0,41
11583,23,7,0.30434782608695654,16
11584,40,0,0.0,40
11585,5,0,0.0,5
11586,81,0,0.0,81
11587,81,0,0.0,81
11588,41,0,0.0,41
11589,29,0,0.0,29
11590,43,0,0.0,43
11591,39,3,0.07692307692307693,36
11592,22,1,0.045454545454545456,21
11593,28,9,0.32142857142857145,19
11594,32,5,0.15625,27
11595,41,3,0.07317073170731707,38
11596,29,1,0.034482758620689655,28
11597,81,1,0.012345679012345678,80
11598,70,3,0.04285714285714286,67
11599,81,0,0.0,81
11600,36,2,0.05555555555555555,34
11601,56,1,0.017857142857142856,55
11602,81,0,0.0,81
11603,46,0,0.0,46
11604,81,0,0.0,81
11605,15,4,0.26666666666666666,11
11606,64,5,0.078125,59
11607,23,5,0.21739130434782608,18
11608,4,3,0.75,1
11609,38,3,0.07894736842105263,35
11610,21,0,0.0,21
11611,54,0,0.0,54
11612,24,0,0.0,24
11613,4,0,0.0,4
11614,17,2,0.11764705882352941,15
11615,40,1,0.025,39
11616,5,0,0.0,5
11617,33,3,0.09090909090909091,30
11618,81,0,0.0,81
11619,65,1,0.015384615384615385,64
11620,15,1,0.06666666666666667,14
11621,81,81,1.0,0
11622,78,0,0.0,78
11623,20,0,0.0,20
11624,56,2,0.03571428571428571,54
11625,48,4,0.08333333333333333,44
11626,44,1,0.022727272727272728,43
11627,38,2,0.05263157894736842,36
11628,55,3,0.05454545454545454,52
11629,71,0,0.0,71
11630,27,0,0.0,27
11631,31,1,0.03225806451612903,30
11632,33,7,0.21212121212121213,26
11633,81,0,0.0,81
11634,55,0,0.0,55
11635,22,0,0.0,22
11636,52,5,0.09615384615384616,47
11637,5,2,0.4,3
11638,12,1,0.08333333333333333,11
11639,20,5,0.25,15
11640,78,0,0.0,78
11641,80,0,0.0,80
11642,38,0,0.0,38
11643,49,0,0.0,49
11644,63,1,0.015873015873015872,62
11645,81,1,0.012345679012345678,80
11646,57,0,0.0,57
11647,53,1,0.018867924528301886,52
11648,32,3,0.09375,29
11649,58,1,0.017241379310344827,57
11650,44,1,0.022727272727272728,43
11651,55,1,0.01818181818181818,54
11652,23,1,0.043478260869565216,22
11653,28,10,0.35714285714285715,18
11654,49,0,0.0,49
11655,3,2,0.6666666666666666,1
11656,81,0,0.0,81
11657,16,2,0.125,14
11658,38,1,0.02631578947368421,37
11659,30,2,0.06666666666666667,28
11660,28,0,0.0,28
11661,81,81,1.0,0
11662,35,0,0.0,35
11663,50,1,0.02,49
11664,81,0,0.0,81
11665,62,4,0.06451612903225806,58
11666,12,2,0.16666666666666666,10
11667,55,0,0.0,55
11668,18,0,0.0,18
11669,11,0,0.0,11
11670,81,0,0.0,81
11671,33,5,0.15151515151515152,28
11672,79,0,0.0,79
11673,81,1,0.012345679012345678,80
11674,16,2,0.125,14
11675,66,0,0.0,66
11676,64,0,0.0,64
11677,55,2,0.03636363636363636,53
11678,17,0,0.0,17
11679,65,0,0.0,65
11680,64,0,0.0,64
11681,71,1,0.014084507042253521,70
11682,64,0,0.0,64
11683,24,0,0.0,24
11684,30,1,0.03333333333333333,29
11685,48,0,0.0,48
11686,25,4,0.16,21
11687,52,1,0.019230769230769232,51
11688,6,0,0.0,6
11689,38,1,0.02631578947368421,37
11690,80,0,0.0,80
11691,66,1,0.015151515151515152,65
11692,63,1,0.015873015873015872,62
11693,81,0,0.0,81
11694,9,1,0.1111111111111111,8
11695,22,6,0.2727272727272727,16
11696,27,4,0.14814814814814814,23
11697,50,1,0.02,49
11698,50,5,0.1,45
11699,44,4,0.09090909090909091,40
11700,26,8,0.3076923076923077,18
11701,4,2,0.5,2
11702,16,0,0.0,16
11703,8,5,0.625,3
11704,20,8,0.4,12
11705,79,0,0.0,79
11706,81,0,0.0,81
11707,48,0,0.0,48
11708,21,3,0.14285714285714285,18
11709,81,0,0.0,81
11710,10,4,0.4,6
11711,80,0,0.0,80
11712,18,0,0.0,18
11713,16,2,0.125,14
11714,41,1,0.024390243902439025,40
11715,81,2,0.024691358024691357,79
11716,44,4,0.09090909090909091,40
11717,33,3,0.09090909090909091,30
11718,33,3,0.09090909090909091,30
11719,81,0,0.0,81
11720,45,5,0.1111111111111111,40
11721,11,7,0.6363636363636364,4
11722,42,2,0.047619047619047616,40
11723,32,2,0.0625,30
11724,69,1,0.014492753623188406,68
11725,73,0,0.0,73
11726,34,6,0.17647058823529413,28
11727,60,1,0.016666666666666666,59
11728,75,0,0.0,75
11729,42,3,0.07142857142857142,39
11730,27,1,0.037037037037037035,26
11731,29,5,0.1724137931034483,24
11732,57,0,0.0,57
11733,31,0,0.0,31
11734,80,2,0.025,78
11735,81,3,0.037037037037037035,78
11736,18,3,0.16666666666666666,15
11737,35,0,0.0,35
11738,16,1,0.0625,15
11739,31,5,0.16129032258064516,26
11740,81,0,0.0,81
11741,51,0,0.0,51
11742,40,3,0.075,37
11743,31,1,0.03225806451612903,30
11744,13,0,0.0,13
11745,11,4,0.36363636363636365,7
11746,12,0,0.0,12
11747,74,0,0.0,74
11748,27,1,0.037037037037037035,26
11749,81,0,0.0,81
11750,68,0,0.0,68
11751,20,1,0.05,19
11752,62,6,0.0967741935483871,56
11753,21,4,0.19047619047619047,17
11754,56,1,0.017857142857142856,55
11755,29,1,0.034482758620689655,28
11756,81,0,0.0,81
11757,50,3,0.06,47
11758,36,0,0.0,36
11759,47,1,0.02127659574468085,46
11760,81,1,0.012345679012345678,80
11761,44,7,0.1590909090909091,37
11762,77,0,0.0,77
11763,39,3,0.07692307692307693,36
11764,15,8,0.5333333333333333,7
11765,10,2,0.2,8
11766,66,0,0.0,66
11767,20,2,0.1,18
11768,79,0,0.0,79
11769,44,1,0.022727272727272728,43
11770,43,2,0.046511627906976744,41
11771,33,0,0.0,33
11772,81,0,0.0,81
11773,39,3,0.07692307692307693,36
11774,36,2,0.05555555555555555,34
11775,8,0,0.0,8
11776,24,1,0.041666666666666664,23
11777,73,1,0.0136986301369863,72
11778,18,0,0.0,18
11779,51,4,0.0784313725490196,47
11780,17,0,0.0,17
11781,8,2,0.25,6
11782,16,4,0.25,12
11783,17,7,0.4117647058823529,10
11784,49,0,0.0,49
11785,30,4,0.13333333333333333,26
11786,32,6,0.1875,26
11787,30,3,0.1,27
11788,37,11,0.2972972972972973,26
11789,33,3,0.09090909090909091,30
11790,68,2,0.029411764705882353,66
11791,60,1,0.016666666666666666,59
11792,15,2,0.13333333333333333,13
11793,11,1,0.09090909090909091,10
11794,39,2,0.05128205128205128,37
11795,40,0,0.0,40
11796,10,0,0.0,10
11797,20,2,0.1,18
11798,17,1,0.058823529411764705,16
11799,54,2,0.037037037037037035,52
11800,31,5,0.16129032258064516,26
11801,31,1,0.03225806451612903,30
11802,51,2,0.0392156862745098,49
11803,81,3,0.037037037037037035,78
11804,47,4,0.0851063829787234,43
11805,81,4,0.04938271604938271,77
11806,41,1,0.024390243902439025,40
11807,81,0,0.0,81
11808,31,0,0.0,31
11809,37,0,0.0,37
11810,52,1,0.019230769230769232,51
11811,46,1,0.021739130434782608,45
11812,81,0,0.0,81
11813,3,0,0.0,3
11814,13,6,0.46153846153846156,7
11815,20,3,0.15,17
11816,30,2,0.06666666666666667,28
11817,72,0,0.0,72
11818,31,6,0.1935483870967742,25
11819,16,0,0.0,16
11820,9,8,0.8888888888888888,1
11821,49,5,0.10204081632653061,44
11822,25,4,0.16,21
11823,6,6,1.0,0
11824,81,1,0.012345679012345678,80
11825,38,3,0.07894736842105263,35
11826,47,3,0.06382978723404255,44
11827,20,0,0.0,20
11828,74,2,0.02702702702702703,72
11829,22,0,0.0,22
11830,47,1,0.02127659574468085,46
11831,81,1,0.012345679012345678,80
11832,60,0,0.0,60
11833,48,0,0.0,48
11834,28,0,0.0,28
11835,54,1,0.018518518518518517,53
11836,48,2,0.041666666666666664,46
11837,10,2,0.2,8
11838,29,0,0.0,29
11839,43,1,0.023255813953488372,42
11840,60,2,0.03333333333333333,58
11841,9,0,0.0,9
11842,69,5,0.07246376811594203,64
11843,77,3,0.03896103896103896,74
11844,35,2,0.05714285714285714,33
11845,58,2,0.034482758620689655,56
11846,41,9,0.21951219512195122,32
11847,44,0,0.0,44
11848,30,3,0.1,27
11849,37,5,0.13513513513513514,32
11850,18,0,0.0,18
11851,71,0,0.0,71
11852,29,5,0.1724137931034483,24
11853,43,6,0.13953488372093023,37
11854,16,5,0.3125,11
11855,40,4,0.1,36
11856,81,0,0.0,81
11857,81,0,0.0,81
11858,16,0,0.0,16
11859,81,0,0.0,81
11860,76,1,0.013157894736842105,75
11861,27,3,0.1111111111111111,24
11862,53,3,0.05660377358490566,50
11863,24,3,0.125,21
11864,80,0,0.0,80
11865,79,1,0.012658227848101266,78
11866,57,0,0.0,57
11867,31,2,0.06451612903225806,29
11868,78,1,0.01282051282051282,77
11869,46,3,0.06521739130434782,43
11870,63,0,0.0,63
11871,81,0,0.0,81
11872,81,1,0.012345679012345678,80
11873,35,0,0.0,35
11874,24,5,0.20833333333333334,19
11875,44,2,0.045454545454545456,42
11876,81,0,0.0,81
11877,81,0,0.0,81
11878,19,9,0.47368421052631576,10
11879,38,1,0.02631578947368421,37
11880,81,0,0.0,81
11881,7,3,0.42857142857142855,4
11882,58,0,0.0,58
11883,24,4,0.16666666666666666,20
11884,43,4,0.09302325581395349,39
11885,73,0,0.0,73
11886,23,5,0.21739130434782608,18
11887,10,2,0.2,8
11888,44,2,0.045454545454545456,42
11889,13,1,0.07692307692307693,12
11890,24,3,0.125,21
11891,16,7,0.4375,9
11892,34,0,0.0,34
11893,65,0,0.0,65
11894,28,5,0.17857142857142858,23
11895,61,0,0.0,61
11896,81,0,0.0,81
11897,58,1,0.017241379310344827,57
11898,26,3,0.11538461538461539,23
11899,40,3,0.075,37
11900,58,1,0.017241379310344827,57
11901,50,2,0.04,48
11902,42,0,0.0,42
11903,26,0,0.0,26
11904,25,4,0.16,21
11905,25,3,0.12,22
11906,81,1,0.012345679012345678,80
11907,77,5,0.06493506493506493,72
11908,45,0,0.0,45
11909,57,2,0.03508771929824561,55
11910,43,3,0.06976744186046512,40
11911,19,2,0.10526315789473684,17
11912,35,0,0.0,35
11913,80,1,0.0125,79
11914,79,0,0.0,79
11915,26,6,0.23076923076923078,20
11916,29,3,0.10344827586206896,26
11917,52,2,0.038461538461538464,50
11918,22,4,0.18181818181818182,18
11919,30,4,0.13333333333333333,26
11920,41,6,0.14634146341463414,35
11921,66,1,0.015151515151515152,65
11922,19,2,0.10526315789473684,17
11923,81,1,0.012345679012345678,80
11924,27,2,0.07407407407407407,25
11925,9,3,0.3333333333333333,6
11926,24,1,0.041666666666666664,23
11927,42,1,0.023809523809523808,41
11928,81,1,0.012345679012345678,80
11929,3,0,0.0,3
11930,31,4,0.12903225806451613,27
11931,33,4,0.12121212121212122,29
11932,51,1,0.0196078431372549,50
11933,5,2,0.4,3
11934,57,0,0.0,57
11935,63,0,0.0,63
11936,38,2,0.05263157894736842,36
11937,2,0,0.0,2
11938,44,0,0.0,44
11939,29,7,0.2413793103448276,22
11940,76,2,0.02631578947368421,74
11941,20,4,0.2,16
11942,16,0,0.0,16
11943,44,1,0.022727272727272728,43
11944,11,1,0.09090909090909091,10
11945,81,2,0.024691358024691357,79
11946,37,3,0.08108108108108109,34
11947,75,1,0.013333333333333334,74
11948,41,2,0.04878048780487805,39
11949,14,2,0.14285714285714285,12
11950,50,0,0.0,50
11951,10,4,0.4,6
11952,15,4,0.26666666666666666,11
11953,13,5,0.38461538461538464,8
11954,29,2,0.06896551724137931,27
11955,55,2,0.03636363636363636,53
11956,24,0,0.0,24
11957,27,5,0.18518518518518517,22
11958,26,2,0.07692307692307693,24
11959,77,1,0.012987012987012988,76
11960,64,1,0.015625,63
11961,39,7,0.1794871794871795,32
11962,46,1,0.021739130434782608,45
11963,57,0,0.0,57
11964,76,1,0.013157894736842105,75
11965,81,2,0.024691358024691357,79
11966,81,27,0.3333333333333333,54
11967,58,2,0.034482758620689655,56
11968,13,0,0.0,13
11969,16,5,0.3125,11
11970,42,3,0.07142857142857142,39
11971,67,6,0.08955223880597014,61
11972,19,2,0.10526315789473684,17
11973,49,3,0.061224489795918366,46
11974,15,3,0.2,12
11975,57,2,0.03508771929824561,55
11976,4,0,0.0,4
11977,37,1,0.02702702702702703,36
11978,13,3,0.23076923076923078,10
11979,26,2,0.07692307692307693,24
11980,14,3,0.21428571428571427,11
11981,81,1,0.012345679012345678,80
11982,23,4,0.17391304347826086,19
11983,21,4,0.19047619047619047,17
11984,35,0,0.0,35
11985,35,6,0.17142857142857143,29
11986,12,6,0.5,6
11987,16,8,0.5,8
11988,58,0,0.0,58
11989,56,2,0.03571428571428571,54
11990,60,1,0.016666666666666666,59
11991,26,3,0.11538461538461539,23
11992,31,8,0.25806451612903225,23
11993,40,5,0.125,35
11994,81,0,0.0,81
11995,42,1,0.023809523809523808,41
11996,81,1,0.012345679012345678,80
11997,59,0,0.0,59
11998,81,0,0.0,81
11999,80,2,0.025,78
12000,8,0,0.0,8
12001,54,4,0.07407407407407407,50
12002,28,2,0.07142857142857142,26
12003,17,2,0.11764705882352941,15
12004,43,7,0.16279069767441862,36
12005,4,4,1.0,0
12006,52,0,0.0,52
12007,38,2,0.05263157894736842,36
12008,60,3,0.05,57
12009,81,0,0.0,81
12010,50,1,0.02,49
12011,7,0,0.0,7
12012,19,1,0.05263157894736842,18
12013,21,3,0.14285714285714285,18
12014,35,5,0.14285714285714285,30
12015,17,6,0.35294117647058826,11
12016,47,0,0.0,47
12017,46,3,0.06521739130434782,43
12018,34,2,0.058823529411764705,32
12019,22,0,0.0,22
12020,44,6,0.13636363636363635,38
12021,51,0,0.0,51
12022,13,4,0.3076923076923077,9
12023,55,2,0.03636363636363636,53
12024,16,0,0.0,16
12025,23,5,0.21739130434782608,18
12026,45,1,0.022222222222222223,44
12027,79,0,0.0,79
12028,33,1,0.030303030303030304,32
12029,33,0,0.0,33
12030,27,6,0.2222222222222222,21
12031,79,0,0.0,79
12032,33,0,0.0,33
12033,40,1,0.025,39
12034,42,0,0.0,42
12035,72,4,0.05555555555555555,68
12036,29,4,0.13793103448275862,25
12037,81,0,0.0,81
12038,67,1,0.014925373134328358,66
12039,30,6,0.2,24
12040,14,4,0.2857142857142857,10
12041,70,2,0.02857142857142857,68
12042,31,3,0.0967741935483871,28
12043,41,2,0.04878048780487805,39
12044,60,0,0.0,60
12045,37,1,0.02702702702702703,36
12046,54,0,0.0,54
12047,13,7,0.5384615384615384,6
12048,1,0,0.0,1
12049,46,2,0.043478260869565216,44
12050,18,1,0.05555555555555555,17
12051,56,0,0.0,56
12052,58,0,0.0,58
12053,26,7,0.2692307692307692,19
12054,40,2,0.05,38
12055,70,2,0.02857142857142857,68
12056,81,1,0.012345679012345678,80
12057,60,0,0.0,60
12058,77,0,0.0,77
12059,17,8,0.47058823529411764,9
12060,47,0,0.0,47
12061,81,0,0.0,81
12062,81,1,0.012345679012345678,80
12063,69,1,0.014492753623188406,68
12064,23,3,0.13043478260869565,20
12065,23,5,0.21739130434782608,18
12066,48,3,0.0625,45
12067,18,0,0.0,18
12068,54,0,0.0,54
12069,62,0,0.0,62
12070,22,3,0.13636363636363635,19
12071,35,0,0.0,35
12072,56,2,0.03571428571428571,54
12073,81,0,0.0,81
12074,81,0,0.0,81
12075,30,6,0.2,24
12076,20,5,0.25,15
12077,48,1,0.020833333333333332,47
12078,59,1,0.01694915254237288,58
12079,25,1,0.04,24
12080,27,6,0.2222222222222222,21
12081,79,2,0.02531645569620253,77
12082,9,0,0.0,9
12083,3,1,0.3333333333333333,2
12084,71,2,0.028169014084507043,69
12085,81,0,0.0,81
12086,21,3,0.14285714285714285,18
12087,31,3,0.0967741935483871,28
12088,39,2,0.05128205128205128,37
12089,51,0,0.0,51
12090,56,1,0.017857142857142856,55
12091,81,2,0.024691358024691357,79
12092,18,1,0.05555555555555555,17
12093,81,0,0.0,81
12094,81,2,0.024691358024691357,79
12095,52,1,0.019230769230769232,51
12096,56,0,0.0,56
12097,39,1,0.02564102564102564,38
12098,32,6,0.1875,26
12099,32,0,0.0,32
12100,20,3,0.15,17
12101,43,6,0.13953488372093023,37
12102,71,3,0.04225352112676056,68
12103,9,1,0.1111111111111111,8
12104,31,7,0.22580645161290322,24
12105,10,0,0.0,10
12106,63,1,0.015873015873015872,62
12107,31,3,0.0967741935483871,28
12108,25,1,0.04,24
12109,79,2,0.02531645569620253,77
12110,32,2,0.0625,30
12111,66,0,0.0,66
12112,74,0,0.0,74
12113,23,1,0.043478260869565216,22
12114,80,1,0.0125,79
12115,13,2,0.15384615384615385,11
12116,13,0,0.0,13
12117,46,0,0.0,46
12118,16,3,0.1875,13
12119,59,3,0.05084745762711865,56
12120,81,3,0.037037037037037035,78
12121,36,1,0.027777777777777776,35
12122,81,5,0.06172839506172839,76
12123,47,2,0.0425531914893617,45
12124,35,3,0.08571428571428572,32
12125,70,1,0.014285714285714285,69
12126,29,3,0.10344827586206896,26
12127,75,1,0.013333333333333334,74
12128,31,3,0.0967741935483871,28
12129,81,0,0.0,81
12130,2,0,0.0,2
12131,15,2,0.13333333333333333,13
12132,32,1,0.03125,31
12133,43,2,0.046511627906976744,41
12134,49,3,0.061224489795918366,46
12135,47,2,0.0425531914893617,45
12136,19,5,0.2631578947368421,14
12137,35,3,0.08571428571428572,32
12138,80,1,0.0125,79
12139,31,2,0.06451612903225806,29
12140,16,5,0.3125,11
12141,9,2,0.2222222222222222,7
12142,48,2,0.041666666666666664,46
12143,31,2,0.06451612903225806,29
12144,40,3,0.075,37
12145,81,0,0.0,81
12146,4,1,0.25,3
12147,49,1,0.02040816326530612,48
12148,64,1,0.015625,63
12149,11,2,0.18181818181818182,9
12150,58,0,0.0,58
12151,31,2,0.06451612903225806,29
12152,15,1,0.06666666666666667,14
12153,35,7,0.2,28
12154,52,4,0.07692307692307693,48
12155,57,2,0.03508771929824561,55
12156,80,2,0.025,78
12157,43,1,0.023255813953488372,42
12158,22,5,0.22727272727272727,17
12159,69,1,0.014492753623188406,68
12160,63,0,0.0,63
12161,20,5,0.25,15
12162,24,3,0.125,21
12163,81,1,0.012345679012345678,80
12164,7,3,0.42857142857142855,4
12165,23,8,0.34782608695652173,15
12166,60,2,0.03333333333333333,58
12167,51,1,0.0196078431372549,50
12168,81,3,0.037037037037037035,78
12169,57,1,0.017543859649122806,56
12170,20,3,0.15,17
12171,60,0,0.0,60
12172,29,4,0.13793103448275862,25
12173,36,2,0.05555555555555555,34
12174,19,2,0.10526315789473684,17
12175,81,3,0.037037037037037035,78
12176,80,5,0.0625,75
12177,15,7,0.4666666666666667,8
12178,59,0,0.0,59
12179,30,3,0.1,27
12180,49,3,0.061224489795918366,46
12181,16,3,0.1875,13
12182,46,1,0.021739130434782608,45
12183,16,3,0.1875,13
12184,79,0,0.0,79
12185,27,5,0.18518518518518517,22
12186,50,6,0.12,44
12187,12,1,0.08333333333333333,11
12188,27,2,0.07407407407407407,25
12189,12,2,0.16666666666666666,10
12190,30,4,0.13333333333333333,26
12191,64,0,0.0,64
12192,29,0,0.0,29
12193,17,7,0.4117647058823529,10
12194,55,1,0.01818181818181818,54
12195,18,1,0.05555555555555555,17
12196,81,1,0.012345679012345678,80
12197,2,2,1.0,0
12198,33,2,0.06060606060606061,31
12199,28,7,0.25,21
12200,17,4,0.23529411764705882,13
12201,56,1,0.017857142857142856,55
12202,31,0,0.0,31
12203,28,5,0.17857142857142858,23
12204,47,2,0.0425531914893617,45
12205,8,3,0.375,5
12206,41,1,0.024390243902439025,40
12207,47,3,0.06382978723404255,44
12208,40,8,0.2,32
12209,47,0,0.0,47
12210,49,1,0.02040816326530612,48
12211,16,2,0.125,14
12212,13,7,0.5384615384615384,6
12213,81,4,0.04938271604938271,77
12214,55,0,0.0,55
12215,55,0,0.0,55
12216,49,8,0.16326530612244897,41
12217,46,4,0.08695652173913043,42
12218,20,10,0.5,10
12219,25,1,0.04,24
12220,54,2,0.037037037037037035,52
12221,65,1,0.015384615384615385,64
12222,13,5,0.38461538461538464,8
12223,36,5,0.1388888888888889,31
12224,76,1,0.013157894736842105,75
12225,81,0,0.0,81
12226,50,0,0.0,50
12227,26,4,0.15384615384615385,22
12228,43,2,0.046511627906976744,41
12229,7,3,0.42857142857142855,4
12230,9,7,0.7777777777777778,2
12231,81,6,0.07407407407407407,75
12232,35,3,0.08571428571428572,32
12233,17,4,0.23529411764705882,13
12234,26,8,0.3076923076923077,18
12235,33,2,0.06060606060606061,31
12236,34,0,0.0,34
12237,15,4,0.26666666666666666,11
12238,78,0,0.0,78
12239,81,1,0.012345679012345678,80
12240,71,1,0.014084507042253521,70
12241,81,3,0.037037037037037035,78
12242,56,3,0.05357142857142857,53
12243,81,1,0.012345679012345678,80
12244,11,5,0.45454545454545453,6
12245,39,0,0.0,39
12246,32,10,0.3125,22
12247,47,4,0.0851063829787234,43
12248,73,1,0.0136986301369863,72
12249,29,3,0.10344827586206896,26
12250,40,3,0.075,37
12251,37,1,0.02702702702702703,36
12252,25,2,0.08,23
12253,15,6,0.4,9
12254,22,6,0.2727272727272727,16
12255,64,1,0.015625,63
12256,35,0,0.0,35
12257,17,1,0.058823529411764705,16
12258,26,3,0.11538461538461539,23
12259,4,0,0.0,4
12260,11,8,0.7272727272727273,3
12261,30,2,0.06666666666666667,28
12262,12,2,0.16666666666666666,10
12263,33,3,0.09090909090909091,30
12264,9,0,0.0,9
12265,19,1,0.05263157894736842,18
12266,18,3,0.16666666666666666,15
12267,16,1,0.0625,15
12268,81,0,0.0,81
12269,47,1,0.02127659574468085,46
12270,53,1,0.018867924528301886,52
12271,33,1,0.030303030303030304,32
12272,56,0,0.0,56
12273,20,1,0.05,19
12274,12,2,0.16666666666666666,10
12275,51,0,0.0,51
12276,21,0,0.0,21
12277,48,2,0.041666666666666664,46
12278,36,4,0.1111111111111111,32
12279,34,5,0.14705882352941177,29
12280,22,4,0.18181818181818182,18
12281,32,3,0.09375,29
12282,29,0,0.0,29
12283,61,1,0.01639344262295082,60
12284,6,2,0.3333333333333333,4
12285,81,0,0.0,81
12286,41,17,0.4146341463414634,24
12287,32,2,0.0625,30
12288,13,0,0.0,13
12289,81,0,0.0,81
12290,80,0,0.0,80
12291,32,2,0.0625,30
12292,11,0,0.0,11
12293,25,7,0.28,18
12294,51,3,0.058823529411764705,48
12295,49,0,0.0,49
12296,60,0,0.0,60
12297,50,7,0.14,43
12298,56,5,0.08928571428571429,51
12299,27,2,0.07407407407407407,25
12300,45,3,0.06666666666666667,42
12301,67,4,0.05970149253731343,63
12302,49,2,0.04081632653061224,47
12303,34,0,0.0,34
12304,15,3,0.2,12
12305,21,5,0.23809523809523808,16
12306,30,1,0.03333333333333333,29
12307,15,0,0.0,15
12308,75,0,0.0,75
12309,27,1,0.037037037037037035,26
12310,81,1,0.012345679012345678,80
12311,81,0,0.0,81
12312,43,0,0.0,43
12313,36,2,0.05555555555555555,34
12314,49,1,0.02040816326530612,48
12315,24,2,0.08333333333333333,22
12316,26,3,0.11538461538461539,23
12317,81,0,0.0,81
12318,16,1,0.0625,15
12319,30,3,0.1,27
12320,66,4,0.06060606060606061,62
12321,78,0,0.0,78
12322,20,4,0.2,16
12323,81,0,0.0,81
12324,79,6,0.0759493670886076,73
12325,43,1,0.023255813953488372,42
12326,48,2,0.041666666666666664,46
12327,81,0,0.0,81
12328,67,2,0.029850746268656716,65
12329,24,7,0.2916666666666667,17
12330,48,0,0.0,48
12331,35,3,0.08571428571428572,32
12332,37,1,0.02702702702702703,36
12333,81,0,0.0,81
12334,48,4,0.08333333333333333,44
12335,14,8,0.5714285714285714,6
12336,41,0,0.0,41
12337,32,6,0.1875,26
12338,81,3,0.037037037037037035,78
12339,30,4,0.13333333333333333,26
12340,61,3,0.04918032786885246,58
12341,75,0,0.0,75
12342,81,0,0.0,81
12343,26,0,0.0,26
12344,32,0,0.0,32
12345,71,0,0.0,71
12346,19,0,0.0,19
12347,14,3,0.21428571428571427,11
12348,35,0,0.0,35
12349,29,0,0.0,29
12350,33,3,0.09090909090909091,30
12351,14,4,0.2857142857142857,10
12352,81,0,0.0,81
12353,8,3,0.375,5
12354,19,6,0.3157894736842105,13
12355,76,0,0.0,76
12356,23,4,0.17391304347826086,19
12357,81,0,0.0,81
12358,70,7,0.1,63
12359,80,0,0.0,80
12360,17,2,0.11764705882352941,15
12361,8,3,0.375,5
12362,13,0,0.0,13
12363,28,1,0.03571428571428571,27
12364,62,0,0.0,62
12365,42,0,0.0,42
12366,55,7,0.12727272727272726,48
12367,19,4,0.21052631578947367,15
12368,64,3,0.046875,61
12369,66,0,0.0,66
12370,81,1,0.012345679012345678,80
12371,81,0,0.0,81
12372,44,2,0.045454545454545456,42
12373,4,3,0.75,1
12374,27,4,0.14814814814814814,23
12375,21,2,0.09523809523809523,19
12376,25,1,0.04,24
12377,81,0,0.0,81
12378,12,2,0.16666666666666666,10
12379,44,0,0.0,44
12380,13,4,0.3076923076923077,9
12381,78,2,0.02564102564102564,76
12382,37,3,0.08108108108108109,34
12383,80,0,0.0,80
12384,35,8,0.22857142857142856,27
12385,12,2,0.16666666666666666,10
12386,80,0,0.0,80
12387,34,2,0.058823529411764705,32
12388,40,5,0.125,35
12389,7,0,0.0,7
12390,23,3,0.13043478260869565,20
12391,31,0,0.0,31
12392,9,3,0.3333333333333333,6
12393,71,1,0.014084507042253521,70
12394,27,3,0.1111111111111111,24
12395,37,2,0.05405405405405406,35
12396,48,0,0.0,48
12397,81,1,0.012345679012345678,80
12398,8,0,0.0,8
12399,11,2,0.18181818181818182,9
12400,13,0,0.0,13
12401,57,0,0.0,57
12402,40,3,0.075,37
12403,78,2,0.02564102564102564,76
12404,57,3,0.05263157894736842,54
12405,15,0,0.0,15
12406,81,0,0.0,81
12407,11,7,0.6363636363636364,4
12408,59,1,0.01694915254237288,58
12409,4,0,0.0,4
12410,44,3,0.06818181818181818,41
12411,44,3,0.06818181818181818,41
12412,10,8,0.8,2
12413,32,0,0.0,32
12414,12,1,0.08333333333333333,11
12415,81,6,0.07407407407407407,75
12416,51,3,0.058823529411764705,48
12417,11,3,0.2727272727272727,8
12418,67,2,0.029850746268656716,65
12419,28,3,0.10714285714285714,25
12420,35,1,0.02857142857142857,34
12421,11,3,0.2727272727272727,8
12422,8,1,0.125,7
12423,81,0,0.0,81
12424,58,0,0.0,58
12425,70,1,0.014285714285714285,69
12426,41,0,0.0,41
12427,13,4,0.3076923076923077,9
12428,59,5,0.0847457627118644,54
12429,30,5,0.16666666666666666,25
12430,37,5,0.13513513513513514,32
12431,24,2,0.08333333333333333,22
12432,12,2,0.16666666666666666,10
12433,23,1,0.043478260869565216,22
12434,9,7,0.7777777777777778,2
12435,21,3,0.14285714285714285,18
12436,14,4,0.2857142857142857,10
12437,41,9,0.21951219512195122,32
12438,28,2,0.07142857142857142,26
12439,15,0,0.0,15
12440,25,1,0.04,24
12441,13,0,0.0,13
12442,79,0,0.0,79
12443,31,3,0.0967741935483871,28
12444,81,0,0.0,81
12445,48,3,0.0625,45
12446,41,4,0.0975609756097561,37
12447,19,0,0.0,19
12448,62,2,0.03225806451612903,60
12449,63,4,0.06349206349206349,59
12450,4,0,0.0,4
12451,5,0,0.0,5
12452,81,1,0.012345679012345678,80
12453,18,6,0.3333333333333333,12
12454,68,1,0.014705882352941176,67
12455,38,2,0.05263157894736842,36
12456,37,3,0.08108108108108109,34
12457,23,5,0.21739130434782608,18
12458,29,6,0.20689655172413793,23
12459,12,3,0.25,9
12460,61,1,0.01639344262295082,60
12461,81,1,0.012345679012345678,80
12462,20,7,0.35,13
12463,6,2,0.3333333333333333,4
12464,81,4,0.04938271604938271,77
12465,36,5,0.1388888888888889,31
12466,5,0,0.0,5
12467,78,3,0.038461538461538464,75
12468,61,7,0.11475409836065574,54
12469,26,4,0.15384615384615385,22
12470,38,0,0.0,38
12471,44,6,0.13636363636363635,38
12472,22,4,0.18181818181818182,18
12473,81,0,0.0,81
12474,32,3,0.09375,29
12475,3,0,0.0,3
12476,2,0,0.0,2
12477,41,0,0.0,41
12478,29,3,0.10344827586206896,26
12479,81,0,0.0,81
12480,40,0,0.0,40
12481,34,6,0.17647058823529413,28
12482,7,0,0.0,7
12483,14,1,0.07142857142857142,13
12484,28,1,0.03571428571428571,27
12485,17,0,0.0,17
12486,14,8,0.5714285714285714,6
12487,15,4,0.26666666666666666,11
12488,15,2,0.13333333333333333,13
12489,24,6,0.25,18
12490,32,3,0.09375,29
12491,15,3,0.2,12
12492,28,2,0.07142857142857142,26
12493,72,0,0.0,72
12494,61,2,0.03278688524590164,59
12495,32,3,0.09375,29
12496,49,1,0.02040816326530612,48
12497,25,0,0.0,25
12498,52,1,0.019230769230769232,51
12499,7,1,0.14285714285714285,6
12500,81,0,0.0,81
12501,19,0,0.0,19
12502,41,2,0.04878048780487805,39
12503,38,6,0.15789473684210525,32
12504,15,2,0.13333333333333333,13
12505,81,1,0.012345679012345678,80
12506,81,0,0.0,81
12507,20,7,0.35,13
12508,39,6,0.15384615384615385,33
12509,70,0,0.0,70
12510,4,1,0.25,3
12511,81,0,0.0,81
12512,67,1,0.014925373134328358,66
12513,13,3,0.23076923076923078,10
12514,58,1,0.017241379310344827,57
12515,20,4,0.2,16
12516,19,1,0.05263157894736842,18
12517,71,1,0.014084507042253521,70
12518,13,0,0.0,13
12519,81,1,0.012345679012345678,80
12520,24,2,0.08333333333333333,22
12521,50,7,0.14,43
12522,21,5,0.23809523809523808,16
12523,41,4,0.0975609756097561,37
12524,48,4,0.08333333333333333,44
12525,29,0,0.0,29
12526,20,0,0.0,20
12527,48,2,0.041666666666666664,46
12528,15,5,0.3333333333333333,10
12529,41,0,0.0,41
12530,20,1,0.05,19
12531,74,0,0.0,74
12532,72,1,0.013888888888888888,71
12533,81,4,0.04938271604938271,77
12534,50,2,0.04,48
12535,48,1,0.020833333333333332,47
12536,81,0,0.0,81
12537,40,1,0.025,39
12538,11,2,0.18181818181818182,9
12539,43,5,0.11627906976744186,38
12540,38,1,0.02631578947368421,37
12541,21,0,0.0,21
12542,45,0,0.0,45
12543,81,0,0.0,81
12544,19,2,0.10526315789473684,17
12545,70,1,0.014285714285714285,69
12546,6,0,0.0,6
12547,13,4,0.3076923076923077,9
12548,4,4,1.0,0
12549,65,1,0.015384615384615385,64
12550,65,1,0.015384615384615385,64
12551,36,2,0.05555555555555555,34
12552,10,0,0.0,10
12553,69,0,0.0,69
12554,27,0,0.0,27
12555,24,4,0.16666666666666666,20
12556,81,0,0.0,81
12557,33,1,0.030303030303030304,32
12558,77,0,0.0,77
12559,47,2,0.0425531914893617,45
12560,41,7,0.17073170731707318,34
12561,26,4,0.15384615384615385,22
12562,68,0,0.0,68
12563,44,0,0.0,44
12564,19,2,0.10526315789473684,17
12565,15,0,0.0,15
12566,10,0,0.0,10
12567,46,1,0.021739130434782608,45
12568,64,1,0.015625,63
12569,52,0,0.0,52
12570,7,0,0.0,7
12571,81,1,0.012345679012345678,80
12572,66,2,0.030303030303030304,64
12573,38,0,0.0,38
12574,21,3,0.14285714285714285,18
12575,19,6,0.3157894736842105,13
12576,14,3,0.21428571428571427,11
12577,73,0,0.0,73
12578,34,3,0.08823529411764706,31
12579,34,5,0.14705882352941177,29
12580,19,1,0.05263157894736842,18
12581,50,4,0.08,46
12582,34,2,0.058823529411764705,32
12583,11,0,0.0,11
12584,70,1,0.014285714285714285,69
12585,37,1,0.02702702702702703,36
12586,52,3,0.057692307692307696,49
12587,43,1,0.023255813953488372,42
12588,42,0,0.0,42
12589,7,1,0.14285714285714285,6
12590,31,7,0.22580645161290322,24
12591,81,3,0.037037037037037035,78
12592,43,2,0.046511627906976744,41
12593,32,3,0.09375,29
12594,81,0,0.0,81
12595,25,0,0.0,25
12596,35,1,0.02857142857142857,34
12597,32,3,0.09375,29
12598,81,1,0.012345679012345678,80
12599,60,1,0.016666666666666666,59
12600,13,3,0.23076923076923078,10
12601,33,3,0.09090909090909091,30
12602,14,4,0.2857142857142857,10
12603,77,0,0.0,77
12604,69,1,0.014492753623188406,68
12605,81,1,0.012345679012345678,80
12606,53,0,0.0,53
12607,81,1,0.012345679012345678,80
12608,57,3,0.05263157894736842,54
12609,69,0,0.0,69
12610,9,3,0.3333333333333333,6
12611,81,6,0.07407407407407407,75
12612,35,3,0.08571428571428572,32
12613,81,1,0.012345679012345678,80
12614,81,0,0.0,81
12615,27,5,0.18518518518518517,22
12616,44,0,0.0,44
12617,75,1,0.013333333333333334,74
12618,46,3,0.06521739130434782,43
12619,29,0,0.0,29
12620,81,0,0.0,81
12621,81,0,0.0,81
12622,40,4,0.1,36
12623,41,4,0.0975609756097561,37
12624,36,4,0.1111111111111111,32
12625,56,0,0.0,56
12626,44,2,0.045454545454545456,42
12627,24,6,0.25,18
12628,21,1,0.047619047619047616,20
12629,81,4,0.04938271604938271,77
12630,28,4,0.14285714285714285,24
12631,17,3,0.17647058823529413,14
12632,13,5,0.38461538461538464,8
12633,20,0,0.0,20
12634,81,1,0.012345679012345678,80
12635,28,2,0.07142857142857142,26
12636,64,2,0.03125,62
12637,55,2,0.03636363636363636,53
12638,63,2,0.031746031746031744,61
12639,81,0,0.0,81
12640,45,3,0.06666666666666667,42
12641,81,0,0.0,81
12642,14,2,0.14285714285714285,12
12643,47,1,0.02127659574468085,46
12644,56,4,0.07142857142857142,52
12645,61,1,0.01639344262295082,60
12646,39,7,0.1794871794871795,32
12647,16,0,0.0,16
12648,55,0,0.0,55
12649,8,1,0.125,7
12650,37,2,0.05405405405405406,35
12651,72,0,0.0,72
12652,9,0,0.0,9
12653,30,2,0.06666666666666667,28
12654,76,1,0.013157894736842105,75
12655,81,0,0.0,81
12656,81,1,0.012345679012345678,80
12657,17,2,0.11764705882352941,15
12658,63,0,0.0,63
12659,41,1,0.024390243902439025,40
12660,24,3,0.125,21
12661,11,0,0.0,11
12662,75,0,0.0,75
12663,71,0,0.0,71
12664,54,1,0.018518518518518517,53
12665,56,0,0.0,56
12666,61,0,0.0,61
12667,46,5,0.10869565217391304,41
12668,61,1,0.01639344262295082,60
12669,16,1,0.0625,15
12670,44,0,0.0,44
12671,81,0,0.0,81
12672,68,0,0.0,68
12673,59,0,0.0,59
12674,25,6,0.24,19
12675,72,2,0.027777777777777776,70
12676,59,0,0.0,59
12677,26,0,0.0,26
12678,46,2,0.043478260869565216,44
12679,35,3,0.08571428571428572,32
12680,32,2,0.0625,30
12681,54,1,0.018518518518518517,53
12682,49,1,0.02040816326530612,48
12683,78,2,0.02564102564102564,76
12684,69,0,0.0,69
12685,54,5,0.09259259259259259,49
12686,6,1,0.16666666666666666,5
12687,59,1,0.01694915254237288,58
12688,18,3,0.16666666666666666,15
12689,19,3,0.15789473684210525,16
12690,61,1,0.01639344262295082,60
12691,53,1,0.018867924528301886,52
12692,78,0,0.0,78
12693,81,0,0.0,81
12694,60,0,0.0,60
12695,10,3,0.3,7
12696,25,1,0.04,24
12697,81,0,0.0,81
12698,29,0,0.0,29
12699,57,0,0.0,57
12700,17,0,0.0,17
12701,41,6,0.14634146341463414,35
12702,37,2,0.05405405405405406,35
12703,64,2,0.03125,62
12704,81,0,0.0,81
12705,77,0,0.0,77
12706,78,2,0.02564102564102564,76
12707,81,1,0.012345679012345678,80
12708,81,4,0.04938271604938271,77
12709,38,5,0.13157894736842105,33
12710,33,4,0.12121212121212122,29
12711,24,4,0.16666666666666666,20
12712,5,1,0.2,4
12713,81,0,0.0,81
12714,11,0,0.0,11
12715,27,3,0.1111111111111111,24
12716,24,0,0.0,24
12717,15,1,0.06666666666666667,14
12718,58,1,0.017241379310344827,57
12719,55,1,0.01818181818181818,54
12720,28,8,0.2857142857142857,20
12721,4,1,0.25,3
12722,19,0,0.0,19
12723,26,7,0.2692307692307692,19
12724,19,2,0.10526315789473684,17
12725,18,4,0.2222222222222222,14
12726,78,0,0.0,78
12727,81,2,0.024691358024691357,79
12728,13,0,0.0,13
12729,77,2,0.025974025974025976,75
12730,76,0,0.0,76
12731,30,2,0.06666666666666667,28
12732,81,1,0.012345679012345678,80
12733,32,0,0.0,32
12734,73,73,1.0,0
12735,15,4,0.26666666666666666,11
12736,39,0,0.0,39
12737,10,1,0.1,9
12738,81,0,0.0,81
12739,47,4,0.0851063829787234,43
12740,81,0,0.0,81
12741,34,1,0.029411764705882353,33
12742,78,1,0.01282051282051282,77
12743,81,0,0.0,81
12744,76,0,0.0,76
12745,81,3,0.037037037037037035,78
12746,75,0,0.0,75
12747,81,0,0.0,81
12748,30,0,0.0,30
12749,66,3,0.045454545454545456,63
12750,80,0,0.0,80
12751,58,1,0.017241379310344827,57
12752,39,1,0.02564102564102564,38
12753,42,1,0.023809523809523808,41
12754,24,2,0.08333333333333333,22
12755,34,4,0.11764705882352941,30
12756,18,1,0.05555555555555555,17
12757,4,0,0.0,4
12758,31,20,0.6451612903225806,11
12759,75,1,0.013333333333333334,74
12760,37,36,0.972972972972973,1
12761,57,0,0.0,57
12762,16,0,0.0,16
12763,81,3,0.037037037037037035,78
12764,69,0,0.0,69
12765,72,2,0.027777777777777776,70
12766,25,3,0.12,22
12767,70,1,0.014285714285714285,69
12768,45,3,0.06666666666666667,42
12769,53,0,0.0,53
12770,37,4,0.10810810810810811,33
12771,40,1,0.025,39
12772,64,1,0.015625,63
12773,76,0,0.0,76
12774,36,2,0.05555555555555555,34
12775,43,4,0.09302325581395349,39
12776,31,5,0.16129032258064516,26
12777,73,1,0.0136986301369863,72
12778,27,4,0.14814814814814814,23
12779,46,2,0.043478260869565216,44
12780,26,2,0.07692307692307693,24
12781,76,6,0.07894736842105263,70
12782,16,2,0.125,14
12783,81,1,0.012345679012345678,80
12784,38,2,0.05263157894736842,36
12785,39,14,0.358974358974359,25
12786,26,5,0.19230769230769232,21
12787,63,3,0.047619047619047616,60
12788,4,4,1.0,0
12789,16,0,0.0,16
12790,40,1,0.025,39
12791,38,2,0.05263157894736842,36
12792,20,0,0.0,20
12793,68,1,0.014705882352941176,67
12794,66,0,0.0,66
12795,9,1,0.1111111111111111,8
12796,35,0,0.0,35
12797,18,2,0.1111111111111111,16
12798,24,8,0.3333333333333333,16
12799,69,1,0.014492753623188406,68
12800,12,3,0.25,9
12801,59,3,0.05084745762711865,56
12802,20,0,0.0,20
12803,21,4,0.19047619047619047,17
12804,81,0,0.0,81
12805,57,1,0.017543859649122806,56
12806,53,3,0.05660377358490566,50
12807,80,0,0.0,80
12808,30,0,0.0,30
12809,53,0,0.0,53
12810,54,1,0.018518518518518517,53
12811,81,0,0.0,81
12812,24,0,0.0,24
12813,5,5,1.0,0
12814,81,0,0.0,81
12815,51,1,0.0196078431372549,50
12816,81,1,0.012345679012345678,80
12817,34,0,0.0,34
12818,43,2,0.046511627906976744,41
12819,51,1,0.0196078431372549,50
12820,21,2,0.09523809523809523,19
12821,70,0,0.0,70
12822,61,2,0.03278688524590164,59
12823,74,1,0.013513513513513514,73
12824,23,0,0.0,23
12825,42,1,0.023809523809523808,41
12826,57,1,0.017543859649122806,56
12827,61,5,0.08196721311475409,56
12828,81,2,0.024691358024691357,79
12829,36,2,0.05555555555555555,34
12830,53,0,0.0,53
12831,79,0,0.0,79
12832,75,0,0.0,75
12833,14,1,0.07142857142857142,13
12834,80,0,0.0,80
12835,2,0,0.0,2
12836,80,1,0.0125,79
12837,7,3,0.42857142857142855,4
12838,61,1,0.01639344262295082,60
12839,54,1,0.018518518518518517,53
12840,40,1,0.025,39
12841,49,1,0.02040816326530612,48
12842,18,0,0.0,18
12843,65,1,0.015384615384615385,64
12844,68,0,0.0,68
12845,81,3,0.037037037037037035,78
12846,27,5,0.18518518518518517,22
12847,81,0,0.0,81
12848,48,0,0.0,48
12849,80,1,0.0125,79
12850,39,1,0.02564102564102564,38
12851,77,0,0.0,77
12852,36,0,0.0,36
12853,81,1,0.012345679012345678,80
12854,81,0,0.0,81
12855,22,2,0.09090909090909091,20
12856,45,1,0.022222222222222223,44
12857,17,1,0.058823529411764705,16
12858,5,0,0.0,5
12859,16,0,0.0,16
12860,61,0,0.0,61
12861,71,0,0.0,71
12862,17,0,0.0,17
12863,44,2,0.045454545454545456,42
12864,37,2,0.05405405405405406,35
12865,21,2,0.09523809523809523,19
12866,41,1,0.024390243902439025,40
12867,40,0,0.0,40
12868,48,0,0.0,48
12869,81,0,0.0,81
12870,73,1,0.0136986301369863,72
12871,33,2,0.06060606060606061,31
12872,71,4,0.056338028169014086,67
12873,58,3,0.05172413793103448,55
12874,32,3,0.09375,29
12875,55,2,0.03636363636363636,53
12876,52,1,0.019230769230769232,51
12877,37,3,0.08108108108108109,34
12878,52,2,0.038461538461538464,50
12879,11,1,0.09090909090909091,10
12880,13,6,0.46153846153846156,7
12881,17,0,0.0,17
12882,26,8,0.3076923076923077,18
12883,50,1,0.02,49
12884,51,1,0.0196078431372549,50
12885,54,0,0.0,54
12886,81,0,0.0,81
12887,29,0,0.0,29
12888,31,4,0.12903225806451613,27
12889,18,0,0.0,18
12890,80,4,0.05,76
12891,62,1,0.016129032258064516,61
12892,19,3,0.15789473684210525,16
12893,30,1,0.03333333333333333,29
12894,60,0,0.0,60
12895,17,3,0.17647058823529413,14
12896,22,3,0.13636363636363635,19
12897,10,1,0.1,9
12898,47,3,0.06382978723404255,44
12899,81,0,0.0,81
12900,27,0,0.0,27
12901,25,7,0.28,18
12902,23,8,0.34782608695652173,15
12903,60,1,0.016666666666666666,59
12904,30,1,0.03333333333333333,29
12905,17,5,0.29411764705882354,12
12906,56,0,0.0,56
12907,81,1,0.012345679012345678,80
12908,48,7,0.14583333333333334,41
12909,77,0,0.0,77
12910,76,1,0.013157894736842105,75
12911,47,2,0.0425531914893617,45
12912,50,5,0.1,45
12913,80,0,0.0,80
12914,25,0,0.0,25
12915,12,0,0.0,12
12916,48,2,0.041666666666666664,46
12917,5,4,0.8,1
12918,81,0,0.0,81
12919,55,0,0.0,55
12920,18,0,0.0,18
12921,14,4,0.2857142857142857,10
12922,54,2,0.037037037037037035,52
12923,39,7,0.1794871794871795,32
12924,65,0,0.0,65
12925,29,3,0.10344827586206896,26
12926,49,4,0.08163265306122448,45
12927,29,2,0.06896551724137931,27
12928,6,4,0.6666666666666666,2
12929,40,0,0.0,40
12930,57,0,0.0,57
12931,45,3,0.06666666666666667,42
12932,81,0,0.0,81
12933,15,4,0.26666666666666666,11
12934,54,1,0.018518518518518517,53
12935,20,0,0.0,20
12936,81,0,0.0,81
12937,57,0,0.0,57
12938,11,1,0.09090909090909091,10
12939,26,6,0.23076923076923078,20
12940,7,0,0.0,7
12941,32,1,0.03125,31
12942,33,3,0.09090909090909091,30
12943,49,1,0.02040816326530612,48
12944,53,2,0.03773584905660377,51
12945,80,0,0.0,80
12946,81,0,0.0,81
12947,81,1,0.012345679012345678,80
12948,33,5,0.15151515151515152,28
12949,81,0,0.0,81
12950,81,2,0.024691358024691357,79
12951,51,2,0.0392156862745098,49
12952,15,0,0.0,15
12953,62,1,0.016129032258064516,61
12954,24,3,0.125,21
12955,79,1,0.012658227848101266,78
12956,76,0,0.0,76
12957,57,0,0.0,57
12958,73,0,0.0,73
12959,22,0,0.0,22
12960,31,5,0.16129032258064516,26
12961,17,3,0.17647058823529413,14
12962,11,1,0.09090909090909091,10
12963,65,0,0.0,65
12964,48,5,0.10416666666666667,43
12965,81,18,0.2222222222222222,63
12966,36,0,0.0,36
12967,16,2,0.125,14
12968,78,1,0.01282051282051282,77
12969,68,0,0.0,68
12970,7,4,0.5714285714285714,3
12971,53,3,0.05660377358490566,50
12972,53,0,0.0,53
12973,56,3,0.05357142857142857,53
12974,45,0,0.0,45
12975,57,8,0.14035087719298245,49
12976,59,0,0.0,59
12977,27,3,0.1111111111111111,24
12978,59,1,0.01694915254237288,58
12979,24,9,0.375,15
12980,26,0,0.0,26
12981,3,2,0.6666666666666666,1
12982,32,4,0.125,28
12983,51,6,0.11764705882352941,45
12984,41,1,0.024390243902439025,40
12985,80,0,0.0,80
12986,52,4,0.07692307692307693,48
12987,57,4,0.07017543859649122,53
12988,39,7,0.1794871794871795,32
12989,81,0,0.0,81
12990,63,6,0.09523809523809523,57
12991,70,0,0.0,70
12992,81,1,0.012345679012345678,80
12993,81,1,0.012345679012345678,80
12994,12,3,0.25,9
12995,61,0,0.0,61
12996,13,0,0.0,13
12997,50,3,0.06,47
12998,60,0,0.0,60
12999,61,61,1.0,0
13000,28,0,0.0,28
13001,29,2,0.06896551724137931,27
13002,37,4,0.10810810810810811,33
13003,48,0,0.0,48
13004,48,1,0.020833333333333332,47
13005,81,0,0.0,81
13006,52,3,0.057692307692307696,49
13007,81,0,0.0,81
13008,66,0,0.0,66
13009,49,0,0.0,49
13010,26,3,0.11538461538461539,23
13011,77,3,0.03896103896103896,74
13012,27,0,0.0,27
13013,46,4,0.08695652173913043,42
13014,37,2,0.05405405405405406,35
13015,24,0,0.0,24
13016,15,1,0.06666666666666667,14
13017,79,0,0.0,79
13018,49,1,0.02040816326530612,48
13019,35,2,0.05714285714285714,33
13020,39,3,0.07692307692307693,36
13021,24,0,0.0,24
13022,25,2,0.08,23
13023,81,0,0.0,81
13024,16,3,0.1875,13
13025,39,6,0.15384615384615385,33
13026,21,3,0.14285714285714285,18
13027,60,2,0.03333333333333333,58
13028,81,51,0.6296296296296297,30
13029,72,0,0.0,72
13030,15,1,0.06666666666666667,14
13031,39,0,0.0,39
13032,26,2,0.07692307692307693,24
13033,37,2,0.05405405405405406,35
13034,9,0,0.0,9
13035,20,7,0.35,13
13036,50,0,0.0,50
13037,64,0,0.0,64
13038,5,2,0.4,3
13039,81,0,0.0,81
13040,58,0,0.0,58
13041,81,1,0.012345679012345678,80
13042,19,3,0.15789473684210525,16
13043,37,2,0.05405405405405406,35
13044,15,3,0.2,12
13045,32,1,0.03125,31
13046,44,3,0.06818181818181818,41
13047,14,2,0.14285714285714285,12
13048,76,0,0.0,76
13049,39,5,0.1282051282051282,34
13050,81,0,0.0,81
13051,35,0,0.0,35
13052,61,0,0.0,61
13053,41,4,0.0975609756097561,37
13054,51,1,0.0196078431372549,50
13055,52,5,0.09615384615384616,47
13056,33,2,0.06060606060606061,31
13057,40,5,0.125,35
13058,61,0,0.0,61
13059,55,0,0.0,55
13060,81,0,0.0,81
13061,27,6,0.2222222222222222,21
13062,81,1,0.012345679012345678,80
13063,34,6,0.17647058823529413,28
13064,39,4,0.10256410256410256,35
13065,75,0,0.0,75
13066,52,0,0.0,52
13067,81,1,0.012345679012345678,80
13068,11,3,0.2727272727272727,8
13069,22,5,0.22727272727272727,17
13070,24,6,0.25,18
13071,61,0,0.0,61
13072,75,0,0.0,75
13073,79,1,0.012658227848101266,78
13074,32,2,0.0625,30
13075,81,4,0.04938271604938271,77
13076,8,1,0.125,7
13077,81,1,0.012345679012345678,80
13078,34,1,0.029411764705882353,33
13079,81,1,0.012345679012345678,80
13080,66,2,0.030303030303030304,64
13081,11,0,0.0,11
13082,31,0,0.0,31
13083,42,3,0.07142857142857142,39
13084,81,1,0.012345679012345678,80
13085,81,1,0.012345679012345678,80
13086,3,3,1.0,0
13087,35,0,0.0,35
13088,63,2,0.031746031746031744,61
13089,7,0,0.0,7
13090,28,0,0.0,28
13091,61,0,0.0,61
13092,78,2,0.02564102564102564,76
13093,41,4,0.0975609756097561,37
13094,79,0,0.0,79
13095,81,1,0.012345679012345678,80
13096,2,0,0.0,2
13097,36,0,0.0,36
13098,81,57,0.7037037037037037,24
13099,22,0,0.0,22
13100,37,3,0.08108108108108109,34
13101,9,5,0.5555555555555556,4
13102,80,0,0.0,80
13103,17,0,0.0,17
13104,13,2,0.15384615384615385,11
13105,75,0,0.0,75
13106,60,1,0.016666666666666666,59
13107,81,1,0.012345679012345678,80
13108,15,0,0.0,15
13109,73,1,0.0136986301369863,72
13110,28,3,0.10714285714285714,25
13111,55,1,0.01818181818181818,54
13112,80,0,0.0,80
13113,43,3,0.06976744186046512,40
13114,81,0,0.0,81
13115,81,0,0.0,81
13116,62,1,0.016129032258064516,61
13117,8,3,0.375,5
13118,38,3,0.07894736842105263,35
13119,28,5,0.17857142857142858,23
13120,71,0,0.0,71
13121,33,29,0.8787878787878788,4
13122,24,2,0.08333333333333333,22
13123,17,1,0.058823529411764705,16
13124,6,5,0.8333333333333334,1
13125,32,2,0.0625,30
13126,23,1,0.043478260869565216,22
13127,72,0,0.0,72
13128,80,4,0.05,76
13129,63,1,0.015873015873015872,62
13130,21,5,0.23809523809523808,16
13131,76,0,0.0,76
13132,28,6,0.21428571428571427,22
13133,76,0,0.0,76
13134,11,3,0.2727272727272727,8
13135,41,2,0.04878048780487805,39
13136,80,0,0.0,80
13137,5,3,0.6,2
13138,81,0,0.0,81
13139,41,0,0.0,41
13140,69,0,0.0,69
13141,80,0,0.0,80
13142,14,4,0.2857142857142857,10
13143,81,0,0.0,81
13144,81,0,0.0,81
13145,11,6,0.5454545454545454,5
13146,56,4,0.07142857142857142,52
13147,51,1,0.0196078431372549,50
13148,9,3,0.3333333333333333,6
13149,45,2,0.044444444444444446,43
13150,21,3,0.14285714285714285,18
13151,29,1,0.034482758620689655,28
13152,32,6,0.1875,26
13153,19,3,0.15789473684210525,16
13154,34,1,0.029411764705882353,33
13155,26,0,0.0,26
13156,73,0,0.0,73
13157,22,8,0.36363636363636365,14
13158,23,0,0.0,23
13159,80,0,0.0,80
13160,22,0,0.0,22
13161,8,0,0.0,8
13162,6,0,0.0,6
13163,49,0,0.0,49
13164,5,1,0.2,4
13165,28,1,0.03571428571428571,27
13166,38,4,0.10526315789473684,34
13167,66,1,0.015151515151515152,65
13168,5,4,0.8,1
13169,74,0,0.0,74
13170,39,3,0.07692307692307693,36
13171,16,4,0.25,12
13172,63,0,0.0,63
13173,34,0,0.0,34
13174,81,2,0.024691358024691357,79
13175,21,2,0.09523809523809523,19
13176,44,1,0.022727272727272728,43
13177,35,3,0.08571428571428572,32
13178,81,0,0.0,81
13179,22,3,0.13636363636363635,19
13180,57,0,0.0,57
13181,11,2,0.18181818181818182,9
13182,17,2,0.11764705882352941,15
13183,17,7,0.4117647058823529,10
13184,10,3,0.3,7
13185,29,5,0.1724137931034483,24
13186,66,0,0.0,66
13187,24,0,0.0,24
13188,49,0,0.0,49
13189,26,5,0.19230769230769232,21
13190,34,1,0.029411764705882353,33
13191,71,0,0.0,71
13192,32,3,0.09375,29
13193,41,1,0.024390243902439025,40
13194,54,1,0.018518518518518517,53
13195,35,2,0.05714285714285714,33
13196,49,1,0.02040816326530612,48
13197,32,1,0.03125,31
13198,13,0,0.0,13
13199,6,0,0.0,6
13200,68,1,0.014705882352941176,67
13201,72,0,0.0,72
13202,46,3,0.06521739130434782,43
13203,81,2,0.024691358024691357,79
13204,9,1,0.1111111111111111,8
13205,81,0,0.0,81
13206,22,2,0.09090909090909091,20
13207,52,1,0.019230769230769232,51
13208,12,4,0.3333333333333333,8
13209,7,7,1.0,0
13210,13,3,0.23076923076923078,10
13211,30,8,0.26666666666666666,22
13212,27,5,0.18518518518518517,22
13213,28,1,0.03571428571428571,27
13214,12,8,0.6666666666666666,4
13215,71,0,0.0,71
13216,81,0,0.0,81
13217,72,2,0.027777777777777776,70
13218,80,1,0.0125,79
13219,10,4,0.4,6
13220,78,1,0.01282051282051282,77
13221,58,1,0.017241379310344827,57
13222,30,1,0.03333333333333333,29
13223,80,4,0.05,76
13224,81,2,0.024691358024691357,79
13225,54,0,0.0,54
13226,81,2,0.024691358024691357,79
13227,41,7,0.17073170731707318,34
13228,31,3,0.0967741935483871,28
13229,28,2,0.07142857142857142,26
13230,51,0,0.0,51
13231,35,1,0.02857142857142857,34
13232,67,1,0.014925373134328358,66
13233,77,1,0.012987012987012988,76
13234,63,1,0.015873015873015872,62
13235,30,7,0.23333333333333334,23
13236,61,0,0.0,61
13237,9,0,0.0,9
13238,20,2,0.1,18
13239,28,4,0.14285714285714285,24
13240,71,0,0.0,71
13241,47,3,0.06382978723404255,44
13242,73,1,0.0136986301369863,72
13243,22,3,0.13636363636363635,19
13244,53,1,0.018867924528301886,52
13245,71,2,0.028169014084507043,69
13246,81,1,0.012345679012345678,80
13247,39,2,0.05128205128205128,37
13248,7,3,0.42857142857142855,4
13249,81,0,0.0,81
13250,40,3,0.075,37
13251,18,1,0.05555555555555555,17
13252,73,0,0.0,73
13253,33,2,0.06060606060606061,31
13254,28,7,0.25,21
13255,44,7,0.1590909090909091,37
13256,81,0,0.0,81
13257,11,5,0.45454545454545453,6
13258,6,0,0.0,6
13259,26,0,0.0,26
13260,70,0,0.0,70
13261,15,3,0.2,12
13262,9,5,0.5555555555555556,4
13263,79,0,0.0,79
13264,48,1,0.020833333333333332,47
13265,81,0,0.0,81
13266,79,1,0.012658227848101266,78
13267,75,2,0.02666666666666667,73
13268,11,7,0.6363636363636364,4
13269,63,1,0.015873015873015872,62
13270,39,4,0.10256410256410256,35
13271,12,0,0.0,12
13272,22,5,0.22727272727272727,17
13273,25,2,0.08,23
13274,81,2,0.024691358024691357,79
13275,43,0,0.0,43
13276,40,4,0.1,36
13277,40,1,0.025,39
13278,20,3,0.15,17
13279,37,2,0.05405405405405406,35
13280,72,0,0.0,72
13281,18,8,0.4444444444444444,10
13282,44,0,0.0,44
13283,42,3,0.07142857142857142,39
13284,23,4,0.17391304347826086,19
13285,59,1,0.01694915254237288,58
13286,22,0,0.0,22
13287,64,0,0.0,64
13288,21,7,0.3333333333333333,14
13289,79,1,0.012658227848101266,78
13290,10,0,0.0,10
13291,40,1,0.025,39
13292,32,2,0.0625,30
13293,37,7,0.1891891891891892,30
13294,14,7,0.5,7
13295,43,8,0.18604651162790697,35
13296,27,0,0.0,27
13297,57,0,0.0,57
13298,27,3,0.1111111111111111,24
13299,23,0,0.0,23
13300,45,2,0.044444444444444446,43
13301,65,1,0.015384615384615385,64
13302,25,0,0.0,25
13303,35,0,0.0,35
13304,28,28,1.0,0
13305,29,2,0.06896551724137931,27
13306,17,0,0.0,17
13307,16,3,0.1875,13
13308,38,4,0.10526315789473684,34
13309,12,3,0.25,9
13310,81,3,0.037037037037037035,78
13311,16,4,0.25,12
13312,81,2,0.024691358024691357,79
13313,18,2,0.1111111111111111,16
13314,80,12,0.15,68
13315,69,2,0.028985507246376812,67
13316,22,2,0.09090909090909091,20
13317,33,4,0.12121212121212122,29
13318,81,81,1.0,0
13319,19,1,0.05263157894736842,18
13320,3,0,0.0,3
13321,48,2,0.041666666666666664,46
13322,55,1,0.01818181818181818,54
13323,44,1,0.022727272727272728,43
13324,48,0,0.0,48
13325,75,0,0.0,75
13326,20,2,0.1,18
13327,39,0,0.0,39
13328,47,0,0.0,47
13329,80,0,0.0,80
13330,75,0,0.0,75
13331,37,0,0.0,37
13332,81,0,0.0,81
13333,81,0,0.0,81
13334,81,1,0.012345679012345678,80
13335,9,0,0.0,9
13336,34,4,0.11764705882352941,30
13337,1,0,0.0,1
13338,17,3,0.17647058823529413,14
13339,81,0,0.0,81
13340,35,5,0.14285714285714285,30
13341,70,0,0.0,70
13342,42,4,0.09523809523809523,38
13343,36,3,0.08333333333333333,33
13344,11,2,0.18181818181818182,9
13345,37,2,0.05405405405405406,35
13346,32,1,0.03125,31
13347,38,3,0.07894736842105263,35
13348,32,8,0.25,24
13349,35,0,0.0,35
13350,74,3,0.04054054054054054,71
13351,33,3,0.09090909090909091,30
13352,23,0,0.0,23
13353,65,2,0.03076923076923077,63
13354,36,0,0.0,36
13355,6,0,0.0,6
13356,81,0,0.0,81
13357,81,0,0.0,81
13358,41,2,0.04878048780487805,39
13359,23,0,0.0,23
13360,38,2,0.05263157894736842,36
13361,14,0,0.0,14
13362,81,0,0.0,81
13363,56,1,0.017857142857142856,55
13364,69,1,0.014492753623188406,68
13365,25,2,0.08,23
13366,20,5,0.25,15
13367,44,3,0.06818181818181818,41
13368,26,1,0.038461538461538464,25
13369,62,3,0.04838709677419355,59
13370,81,0,0.0,81
13371,41,9,0.21951219512195122,32
13372,76,0,0.0,76
13373,56,0,0.0,56
13374,81,0,0.0,81
13375,59,0,0.0,59
13376,25,2,0.08,23
13377,7,1,0.14285714285714285,6
13378,41,1,0.024390243902439025,40
13379,69,1,0.014492753623188406,68
13380,15,3,0.2,12
13381,24,2,0.08333333333333333,22
13382,70,4,0.05714285714285714,66
13383,68,0,0.0,68
13384,59,2,0.03389830508474576,57
13385,18,1,0.05555555555555555,17
13386,50,0,0.0,50
13387,20,1,0.05,19
13388,16,1,0.0625,15
13389,81,1,0.012345679012345678,80
13390,22,8,0.36363636363636365,14
13391,81,0,0.0,81
13392,60,1,0.016666666666666666,59
13393,72,2,0.027777777777777776,70
13394,61,1,0.01639344262295082,60
13395,62,0,0.0,62
13396,81,0,0.0,81
13397,54,1,0.018518518518518517,53
13398,23,0,0.0,23
13399,81,81,1.0,0
13400,45,1,0.022222222222222223,44
13401,27,2,0.07407407407407407,25
13402,18,1,0.05555555555555555,17
13403,4,0,0.0,4
13404,81,1,0.012345679012345678,80
13405,52,1,0.019230769230769232,51
13406,47,0,0.0,47
13407,45,0,0.0,45
13408,68,1,0.014705882352941176,67
13409,67,0,0.0,67
13410,51,1,0.0196078431372549,50
13411,74,0,0.0,74
13412,25,4,0.16,21
13413,28,3,0.10714285714285714,25
13414,17,0,0.0,17
13415,81,3,0.037037037037037035,78
13416,68,0,0.0,68
13417,22,4,0.18181818181818182,18
13418,81,2,0.024691358024691357,79
13419,25,4,0.16,21
13420,15,0,0.0,15
13421,50,1,0.02,49
13422,28,0,0.0,28
13423,43,2,0.046511627906976744,41
13424,12,2,0.16666666666666666,10
13425,81,14,0.1728395061728395,67
13426,81,0,0.0,81
13427,81,0,0.0,81
13428,34,0,0.0,34
13429,48,2,0.041666666666666664,46
13430,17,3,0.17647058823529413,14
13431,69,1,0.014492753623188406,68
13432,20,7,0.35,13
13433,64,2,0.03125,62
13434,74,0,0.0,74
13435,66,1,0.015151515151515152,65
13436,6,4,0.6666666666666666,2
13437,35,4,0.11428571428571428,31
13438,47,0,0.0,47
13439,7,2,0.2857142857142857,5
13440,38,4,0.10526315789473684,34
13441,76,2,0.02631578947368421,74
13442,36,2,0.05555555555555555,34
13443,76,0,0.0,76
13444,27,0,0.0,27
13445,15,5,0.3333333333333333,10
13446,50,5,0.1,45
13447,34,5,0.14705882352941177,29
13448,63,1,0.015873015873015872,62
13449,37,36,0.972972972972973,1
13450,81,0,0.0,81
13451,10,2,0.2,8
13452,23,1,0.043478260869565216,22
13453,16,2,0.125,14
13454,24,4,0.16666666666666666,20
13455,36,2,0.05555555555555555,34
13456,30,3,0.1,27
13457,81,2,0.024691358024691357,79
13458,80,1,0.0125,79
13459,30,3,0.1,27
13460,20,0,0.0,20
13461,26,4,0.15384615384615385,22
13462,54,0,0.0,54
13463,81,0,0.0,81
13464,33,1,0.030303030303030304,32
13465,60,3,0.05,57
13466,36,3,0.08333333333333333,33
13467,81,0,0.0,81
13468,21,4,0.19047619047619047,17
13469,51,2,0.0392156862745098,49
13470,28,1,0.03571428571428571,27
13471,81,0,0.0,81
13472,24,0,0.0,24
13473,40,1,0.025,39
13474,81,0,0.0,81
13475,24,0,0.0,24
13476,35,3,0.08571428571428572,32
13477,45,31,0.6888888888888889,14
13478,50,0,0.0,50
13479,27,3,0.1111111111111111,24
13480,80,0,0.0,80
13481,81,0,0.0,81
13482,20,1,0.05,19
13483,59,1,0.01694915254237288,58
13484,13,5,0.38461538461538464,8
13485,26,2,0.07692307692307693,24
13486,77,0,0.0,77
13487,29,3,0.10344827586206896,26
13488,18,3,0.16666666666666666,15
13489,30,3,0.1,27
13490,22,2,0.09090909090909091,20
13491,55,1,0.01818181818181818,54
13492,26,2,0.07692307692307693,24
13493,51,2,0.0392156862745098,49
13494,30,1,0.03333333333333333,29
13495,16,8,0.5,8
13496,22,0,0.0,22
13497,73,1,0.0136986301369863,72
13498,8,4,0.5,4
13499,80,0,0.0,80
13500,61,0,0.0,61
13501,24,5,0.20833333333333334,19
13502,13,0,0.0,13
13503,81,1,0.012345679012345678,80
13504,36,1,0.027777777777777776,35
13505,24,6,0.25,18
13506,57,0,0.0,57
13507,23,0,0.0,23
13508,13,3,0.23076923076923078,10
13509,25,2,0.08,23
13510,73,1,0.0136986301369863,72
13511,33,3,0.09090909090909091,30
13512,52,0,0.0,52
13513,34,8,0.23529411764705882,26
13514,62,1,0.016129032258064516,61
13515,7,2,0.2857142857142857,5
13516,27,3,0.1111111111111111,24
13517,42,5,0.11904761904761904,37
13518,30,5,0.16666666666666666,25
13519,77,0,0.0,77
13520,20,2,0.1,18
13521,34,1,0.029411764705882353,33
13522,81,1,0.012345679012345678,80
13523,14,1,0.07142857142857142,13
13524,81,0,0.0,81
13525,25,0,0.0,25
13526,40,6,0.15,34
13527,81,0,0.0,81
13528,6,0,0.0,6
13529,13,0,0.0,13
13530,74,1,0.013513513513513514,73
13531,38,4,0.10526315789473684,34
13532,32,0,0.0,32
13533,56,2,0.03571428571428571,54
13534,81,2,0.024691358024691357,79
13535,67,2,0.029850746268656716,65
13536,56,0,0.0,56
13537,40,1,0.025,39
13538,81,0,0.0,81
13539,16,7,0.4375,9
13540,81,1,0.012345679012345678,80
13541,21,5,0.23809523809523808,16
13542,29,3,0.10344827586206896,26
13543,24,2,0.08333333333333333,22
13544,37,3,0.08108108108108109,34
13545,67,0,0.0,67
13546,68,1,0.014705882352941176,67
13547,75,0,0.0,75
13548,41,3,0.07317073170731707,38
13549,68,2,0.029411764705882353,66
13550,67,0,0.0,67
13551,7,0,0.0,7
13552,28,4,0.14285714285714285,24
13553,17,7,0.4117647058823529,10
13554,73,1,0.0136986301369863,72
13555,26,6,0.23076923076923078,20
13556,17,8,0.47058823529411764,9
13557,80,1,0.0125,79
13558,66,1,0.015151515151515152,65
13559,52,0,0.0,52
13560,70,1,0.014285714285714285,69
13561,10,7,0.7,3
13562,14,4,0.2857142857142857,10
13563,15,0,0.0,15
13564,49,0,0.0,49
13565,50,1,0.02,49
13566,32,0,0.0,32
13567,67,1,0.014925373134328358,66
13568,69,0,0.0,69
13569,43,4,0.09302325581395349,39
13570,10,1,0.1,9
13571,5,0,0.0,5
13572,61,0,0.0,61
13573,19,3,0.15789473684210525,16
13574,45,0,0.0,45
13575,80,0,0.0,80
13576,4,0,0.0,4
13577,81,1,0.012345679012345678,80
13578,80,1,0.0125,79
13579,81,0,0.0,81
13580,81,0,0.0,81
13581,30,3,0.1,27
13582,24,1,0.041666666666666664,23
13583,12,2,0.16666666666666666,10
13584,79,0,0.0,79
13585,50,1,0.02,49
13586,43,2,0.046511627906976744,41
13587,73,0,0.0,73
13588,17,3,0.17647058823529413,14
13589,48,0,0.0,48
13590,67,1,0.014925373134328358,66
13591,46,1,0.021739130434782608,45
13592,31,0,0.0,31
13593,33,8,0.24242424242424243,25
13594,70,0,0.0,70
13595,5,0,0.0,5
13596,37,1,0.02702702702702703,36
13597,30,2,0.06666666666666667,28
13598,49,1,0.02040816326530612,48
13599,50,1,0.02,49
13600,33,0,0.0,33
13601,32,0,0.0,32
13602,9,1,0.1111111111111111,8
13603,6,0,0.0,6
13604,81,1,0.012345679012345678,80
13605,18,1,0.05555555555555555,17
13606,11,0,0.0,11
13607,15,1,0.06666666666666667,14
13608,13,3,0.23076923076923078,10
13609,38,6,0.15789473684210525,32
13610,47,0,0.0,47
13611,81,1,0.012345679012345678,80
13612,70,0,0.0,70
13613,19,1,0.05263157894736842,18
13614,77,0,0.0,77
13615,24,2,0.08333333333333333,22
13616,53,1,0.018867924528301886,52
13617,5,0,0.0,5
13618,17,1,0.058823529411764705,16
13619,49,3,0.061224489795918366,46
13620,37,3,0.08108108108108109,34
13621,42,1,0.023809523809523808,41
13622,18,6,0.3333333333333333,12
13623,58,0,0.0,58
13624,79,0,0.0,79
13625,18,6,0.3333333333333333,12
13626,18,2,0.1111111111111111,16
13627,17,7,0.4117647058823529,10
13628,70,0,0.0,70
13629,11,1,0.09090909090909091,10
13630,12,4,0.3333333333333333,8
13631,81,0,0.0,81
13632,59,0,0.0,59
13633,27,4,0.14814814814814814,23
13634,41,0,0.0,41
13635,81,1,0.012345679012345678,80
13636,46,3,0.06521739130434782,43
13637,50,5,0.1,45
13638,27,4,0.14814814814814814,23
13639,44,0,0.0,44
13640,13,1,0.07692307692307693,12
13641,40,0,0.0,40
13642,9,5,0.5555555555555556,4
13643,31,3,0.0967741935483871,28
13644,12,3,0.25,9
13645,49,1,0.02040816326530612,48
13646,10,4,0.4,6
13647,81,0,0.0,81
13648,25,5,0.2,20
13649,50,2,0.04,48
13650,65,1,0.015384615384615385,64
13651,64,2,0.03125,62
13652,68,0,0.0,68
13653,8,4,0.5,4
13654,7,1,0.14285714285714285,6
13655,42,3,0.07142857142857142,39
13656,27,0,0.0,27
13657,59,1,0.01694915254237288,58
13658,31,0,0.0,31
13659,42,3,0.07142857142857142,39
13660,54,0,0.0,54
13661,79,0,0.0,79
13662,63,2,0.031746031746031744,61
13663,35,0,0.0,35
13664,76,0,0.0,76
13665,29,3,0.10344827586206896,26
13666,28,4,0.14285714285714285,24
13667,37,4,0.10810810810810811,33
13668,81,0,0.0,81
13669,50,17,0.34,33
13670,42,4,0.09523809523809523,38
13671,81,0,0.0,81
13672,50,0,0.0,50
13673,81,14,0.1728395061728395,67
13674,81,0,0.0,81
13675,11,4,0.36363636363636365,7
13676,46,3,0.06521739130434782,43
13677,17,5,0.29411764705882354,12
13678,32,5,0.15625,27
13679,15,3,0.2,12
13680,8,1,0.125,7
13681,30,1,0.03333333333333333,29
13682,43,2,0.046511627906976744,41
13683,29,0,0.0,29
13684,51,2,0.0392156862745098,49
13685,43,3,0.06976744186046512,40
13686,17,0,0.0,17
13687,36,1,0.027777777777777776,35
13688,20,8,0.4,12
13689,48,5,0.10416666666666667,43
13690,26,2,0.07692307692307693,24
13691,33,1,0.030303030303030304,32
13692,81,1,0.012345679012345678,80
13693,39,2,0.05128205128205128,37
13694,23,2,0.08695652173913043,21
13695,55,1,0.01818181818181818,54
13696,48,0,0.0,48
13697,15,0,0.0,15
13698,26,0,0.0,26
13699,81,0,0.0,81
13700,59,2,0.03389830508474576,57
13701,47,0,0.0,47
13702,27,1,0.037037037037037035,26
13703,31,7,0.22580645161290322,24
13704,18,1,0.05555555555555555,17
13705,31,0,0.0,31
13706,28,4,0.14285714285714285,24
13707,18,1,0.05555555555555555,17
13708,73,1,0.0136986301369863,72
13709,79,3,0.0379746835443038,76
13710,80,7,0.0875,73
13711,30,8,0.26666666666666666,22
13712,23,0,0.0,23
13713,14,5,0.35714285714285715,9
13714,54,3,0.05555555555555555,51
13715,22,6,0.2727272727272727,16
13716,73,0,0.0,73
13717,6,0,0.0,6
13718,48,2,0.041666666666666664,46
13719,6,6,1.0,0
13720,26,0,0.0,26
13721,33,4,0.12121212121212122,29
13722,27,1,0.037037037037037035,26
13723,28,5,0.17857142857142858,23
13724,17,1,0.058823529411764705,16
13725,7,5,0.7142857142857143,2
13726,77,0,0.0,77
13727,29,4,0.13793103448275862,25
13728,35,3,0.08571428571428572,32
13729,81,0,0.0,81
13730,44,3,0.06818181818181818,41
13731,81,0,0.0,81
13732,63,0,0.0,63
13733,47,0,0.0,47
13734,27,3,0.1111111111111111,24
13735,18,0,0.0,18
13736,73,40,0.547945205479452,33
13737,60,0,0.0,60
13738,24,3,0.125,21
13739,24,7,0.2916666666666667,17
13740,41,4,0.0975609756097561,37
13741,22,6,0.2727272727272727,16
13742,7,1,0.14285714285714285,6
13743,32,2,0.0625,30
13744,81,5,0.06172839506172839,76
13745,8,4,0.5,4
13746,81,1,0.012345679012345678,80
13747,81,1,0.012345679012345678,80
13748,79,1,0.012658227848101266,78
13749,24,3,0.125,21
13750,16,2,0.125,14
13751,71,1,0.014084507042253521,70
13752,81,0,0.0,81
13753,81,0,0.0,81
13754,40,7,0.175,33
13755,81,0,0.0,81
13756,24,5,0.20833333333333334,19
13757,43,7,0.16279069767441862,36
13758,20,5,0.25,15
13759,24,4,0.16666666666666666,20
13760,15,5,0.3333333333333333,10
13761,56,0,0.0,56
13762,15,6,0.4,9
13763,81,0,0.0,81
13764,12,5,0.4166666666666667,7
13765,36,4,0.1111111111111111,32
13766,18,17,0.9444444444444444,1
13767,48,2,0.041666666666666664,46
13768,81,0,0.0,81
13769,9,0,0.0,9
13770,6,1,0.16666666666666666,5
13771,53,1,0.018867924528301886,52
13772,19,0,0.0,19
13773,27,0,0.0,27
13774,16,0,0.0,16
13775,81,0,0.0,81
13776,81,5,0.06172839506172839,76
13777,24,0,0.0,24
13778,28,4,0.14285714285714285,24
13779,69,0,0.0,69
13780,81,0,0.0,81
13781,6,0,0.0,6
13782,14,3,0.21428571428571427,11
13783,32,5,0.15625,27
13784,49,5,0.10204081632653061,44
13785,11,1,0.09090909090909091,10
13786,14,0,0.0,14
13787,36,1,0.027777777777777776,35
13788,6,0,0.0,6
13789,79,1,0.012658227848101266,78
13790,8,0,0.0,8
13791,25,2,0.08,23
13792,22,3,0.13636363636363635,19
13793,79,0,0.0,79
13794,5,3,0.6,2
13795,14,0,0.0,14
13796,69,3,0.043478260869565216,66
13797,33,2,0.06060606060606061,31
13798,81,0,0.0,81
13799,45,2,0.044444444444444446,43
13800,18,8,0.4444444444444444,10
13801,42,2,0.047619047619047616,40
13802,16,0,0.0,16
13803,8,8,1.0,0
13804,41,2,0.04878048780487805,39
13805,81,0,0.0,81
13806,2,0,0.0,2
13807,22,8,0.36363636363636365,14
13808,66,9,0.13636363636363635,57
13809,46,3,0.06521739130434782,43
13810,81,0,0.0,81
13811,15,8,0.5333333333333333,7
13812,29,4,0.13793103448275862,25
13813,26,7,0.2692307692307692,19
13814,23,0,0.0,23
13815,24,1,0.041666666666666664,23
13816,80,1,0.0125,79
13817,62,0,0.0,62
13818,55,3,0.05454545454545454,52
13819,53,1,0.018867924528301886,52
13820,49,3,0.061224489795918366,46
13821,81,0,0.0,81
13822,75,0,0.0,75
13823,9,1,0.1111111111111111,8
13824,81,0,0.0,81
13825,61,1,0.01639344262295082,60
13826,14,7,0.5,7
13827,16,2,0.125,14
13828,11,7,0.6363636363636364,4
13829,40,22,0.55,18
13830,35,0,0.0,35
13831,9,2,0.2222222222222222,7
13832,81,0,0.0,81
13833,79,1,0.012658227848101266,78
13834,17,2,0.11764705882352941,15
13835,15,0,0.0,15
13836,81,6,0.07407407407407407,75
13837,81,1,0.012345679012345678,80
13838,54,2,0.037037037037037035,52
13839,40,8,0.2,32
13840,29,0,0.0,29
13841,19,5,0.2631578947368421,14
13842,22,0,0.0,22
13843,67,0,0.0,67
13844,59,15,0.2542372881355932,44
13845,60,0,0.0,60
13846,28,1,0.03571428571428571,27
13847,81,0,0.0,81
13848,64,0,0.0,64
13849,29,4,0.13793103448275862,25
13850,18,0,0.0,18
13851,45,3,0.06666666666666667,42
13852,13,0,0.0,13
13853,42,3,0.07142857142857142,39
13854,79,0,0.0,79
13855,25,2,0.08,23
13856,53,4,0.07547169811320754,49
13857,19,3,0.15789473684210525,16
13858,11,2,0.18181818181818182,9
13859,81,8,0.09876543209876543,73
13860,24,0,0.0,24
13861,29,0,0.0,29
13862,32,0,0.0,32
13863,18,2,0.1111111111111111,16
13864,22,4,0.18181818181818182,18
13865,56,0,0.0,56
13866,8,4,0.5,4
13867,42,3,0.07142857142857142,39
13868,66,0,0.0,66
13869,7,0,0.0,7
13870,16,5,0.3125,11
13871,43,0,0.0,43
13872,79,0,0.0,79
13873,79,1,0.012658227848101266,78
13874,25,8,0.32,17
13875,46,1,0.021739130434782608,45
13876,68,0,0.0,68
13877,18,4,0.2222222222222222,14
13878,52,1,0.019230769230769232,51
13879,75,0,0.0,75
13880,37,1,0.02702702702702703,36
13881,43,0,0.0,43
13882,68,2,0.029411764705882353,66
13883,69,0,0.0,69
13884,38,0,0.0,38
13885,56,5,0.08928571428571429,51
13886,37,2,0.05405405405405406,35
13887,23,1,0.043478260869565216,22
13888,14,1,0.07142857142857142,13
13889,81,0,0.0,81
13890,12,4,0.3333333333333333,8
13891,40,0,0.0,40
13892,6,3,0.5,3
13893,13,3,0.23076923076923078,10
13894,57,1,0.017543859649122806,56
13895,52,0,0.0,52
13896,33,6,0.18181818181818182,27
13897,19,4,0.21052631578947367,15
13898,20,4,0.2,16
13899,38,0,0.0,38
13900,14,5,0.35714285714285715,9
13901,41,2,0.04878048780487805,39
13902,16,1,0.0625,15
13903,43,0,0.0,43
13904,22,1,0.045454545454545456,21
13905,34,0,0.0,34
13906,39,1,0.02564102564102564,38
13907,35,5,0.14285714285714285,30
13908,51,7,0.13725490196078433,44
13909,37,2,0.05405405405405406,35
13910,40,3,0.075,37
13911,28,0,0.0,28
13912,46,4,0.08695652173913043,42
13913,30,4,0.13333333333333333,26
13914,27,0,0.0,27
13915,23,2,0.08695652173913043,21
13916,3,2,0.6666666666666666,1
13917,31,2,0.06451612903225806,29
13918,10,3,0.3,7
13919,59,3,0.05084745762711865,56
13920,58,0,0.0,58
13921,3,0,0.0,3
13922,7,3,0.42857142857142855,4
13923,13,0,0.0,13
13924,81,1,0.012345679012345678,80
13925,80,0,0.0,80
13926,81,1,0.012345679012345678,80
13927,34,7,0.20588235294117646,27
13928,43,4,0.09302325581395349,39
13929,23,8,0.34782608695652173,15
13930,18,0,0.0,18
13931,81,1,0.012345679012345678,80
13932,28,1,0.03571428571428571,27
13933,77,0,0.0,77
13934,23,7,0.30434782608695654,16
13935,55,0,0.0,55
13936,61,1,0.01639344262295082,60
13937,36,4,0.1111111111111111,32
13938,79,0,0.0,79
13939,5,0,0.0,5
13940,76,0,0.0,76
13941,19,4,0.21052631578947367,15
13942,38,1,0.02631578947368421,37
13943,29,0,0.0,29
13944,62,2,0.03225806451612903,60
13945,25,0,0.0,25
13946,73,1,0.0136986301369863,72
13947,75,4,0.05333333333333334,71
13948,24,1,0.041666666666666664,23
13949,15,0,0.0,15
13950,73,0,0.0,73
13951,39,5,0.1282051282051282,34
13952,29,3,0.10344827586206896,26
13953,43,6,0.13953488372093023,37
13954,81,0,0.0,81
13955,16,3,0.1875,13
13956,15,0,0.0,15
13957,27,5,0.18518518518518517,22
13958,81,0,0.0,81
13959,19,2,0.10526315789473684,17
13960,56,0,0.0,56
13961,48,0,0.0,48
13962,9,5,0.5555555555555556,4
13963,13,6,0.46153846153846156,7
13964,22,0,0.0,22
13965,81,0,0.0,81
13966,81,0,0.0,81
13967,21,0,0.0,21
13968,50,1,0.02,49
13969,13,0,0.0,13
13970,46,0,0.0,46
13971,5,1,0.2,4
13972,7,7,1.0,0
13973,73,1,0.0136986301369863,72
13974,33,0,0.0,33
13975,20,1,0.05,19
13976,21,4,0.19047619047619047,17
13977,65,1,0.015384615384615385,64
13978,46,1,0.021739130434782608,45
13979,81,1,0.012345679012345678,80
13980,41,1,0.024390243902439025,40
13981,23,0,0.0,23
13982,34,0,0.0,34
13983,27,7,0.25925925925925924,20
13984,75,0,0.0,75
13985,29,1,0.034482758620689655,28
13986,81,0,0.0,81
13987,44,6,0.13636363636363635,38
13988,14,7,0.5,7
13989,18,4,0.2222222222222222,14
13990,30,1,0.03333333333333333,29
13991,21,1,0.047619047619047616,20
13992,55,1,0.01818181818181818,54
13993,28,2,0.07142857142857142,26
13994,81,0,0.0,81
13995,16,3,0.1875,13
13996,80,1,0.0125,79
13997,19,2,0.10526315789473684,17
13998,81,0,0.0,81
13999,30,3,0.1,27
14000,34,3,0.08823529411764706,31
14001,35,0,0.0,35
14002,9,0,0.0,9
14003,18,2,0.1111111111111111,16
14004,1,1,1.0,0
14005,44,7,0.1590909090909091,37
14006,33,8,0.24242424242424243,25
14007,61,1,0.01639344262295082,60
14008,62,2,0.03225806451612903,60
14009,57,3,0.05263157894736842,54
14010,81,0,0.0,81
14011,26,0,0.0,26
14012,80,0,0.0,80
14013,38,27,0.7105263157894737,11
14014,60,3,0.05,57
14015,56,4,0.07142857142857142,52
14016,72,1,0.013888888888888888,71
14017,78,1,0.01282051282051282,77
14018,14,0,0.0,14
14019,81,1,0.012345679012345678,80
14020,72,3,0.041666666666666664,69
14021,65,1,0.015384615384615385,64
14022,14,1,0.07142857142857142,13
14023,29,3,0.10344827586206896,26
14024,25,5,0.2,20
14025,49,1,0.02040816326530612,48
14026,31,1,0.03225806451612903,30
14027,40,7,0.175,33
14028,26,4,0.15384615384615385,22
14029,58,1,0.017241379310344827,57
14030,10,0,0.0,10
14031,44,2,0.045454545454545456,42
14032,10,2,0.2,8
14033,57,0,0.0,57
14034,81,0,0.0,81
14035,21,4,0.19047619047619047,17
14036,51,0,0.0,51
14037,33,4,0.12121212121212122,29
14038,31,1,0.03225806451612903,30
14039,62,0,0.0,62
14040,17,3,0.17647058823529413,14
14041,28,4,0.14285714285714285,24
14042,81,0,0.0,81
14043,9,5,0.5555555555555556,4
14044,37,0,0.0,37
14045,65,0,0.0,65
14046,76,1,0.013157894736842105,75
14047,81,0,0.0,81
14048,65,0,0.0,65
14049,76,2,0.02631578947368421,74
14050,33,7,0.21212121212121213,26
14051,42,3,0.07142857142857142,39
14052,49,0,0.0,49
14053,60,1,0.016666666666666666,59
14054,21,0,0.0,21
14055,54,1,0.018518518518518517,53
14056,60,1,0.016666666666666666,59
14057,16,0,0.0,16
14058,46,7,0.15217391304347827,39
14059,78,1,0.01282051282051282,77
14060,70,1,0.014285714285714285,69
14061,69,1,0.014492753623188406,68
14062,22,2,0.09090909090909091,20
14063,64,1,0.015625,63
14064,75,2,0.02666666666666667,73
14065,33,6,0.18181818181818182,27
14066,15,6,0.4,9
14067,15,3,0.2,12
14068,12,0,0.0,12
14069,25,4,0.16,21
14070,44,0,0.0,44
14071,75,0,0.0,75
14072,37,3,0.08108108108108109,34
14073,80,0,0.0,80
14074,35,2,0.05714285714285714,33
14075,36,0,0.0,36
14076,32,0,0.0,32
14077,33,1,0.030303030303030304,32
14078,37,3,0.08108108108108109,34
14079,45,0,0.0,45
14080,46,2,0.043478260869565216,44
14081,81,0,0.0,81
14082,46,0,0.0,46
14083,37,1,0.02702702702702703,36
14084,79,1,0.012658227848101266,78
14085,17,1,0.058823529411764705,16
14086,44,2,0.045454545454545456,42
14087,50,2,0.04,48
14088,26,7,0.2692307692307692,19
14089,40,0,0.0,40
14090,8,4,0.5,4
14091,44,0,0.0,44
14092,22,2,0.09090909090909091,20
14093,12,5,0.4166666666666667,7
14094,17,0,0.0,17
14095,67,0,0.0,67
14096,81,0,0.0,81
14097,81,1,0.012345679012345678,80
14098,64,1,0.015625,63
14099,33,5,0.15151515151515152,28
14100,64,3,0.046875,61
14101,40,2,0.05,38
14102,22,2,0.09090909090909091,20
14103,35,5,0.14285714285714285,30
14104,51,2,0.0392156862745098,49
14105,68,2,0.029411764705882353,66
14106,81,1,0.012345679012345678,80
14107,81,4,0.04938271604938271,77
14108,18,5,0.2777777777777778,13
14109,75,0,0.0,75
14110,18,2,0.1111111111111111,16
14111,23,1,0.043478260869565216,22
14112,9,3,0.3333333333333333,6
14113,35,0,0.0,35
14114,44,3,0.06818181818181818,41
14115,17,4,0.23529411764705882,13
14116,42,4,0.09523809523809523,38
14117,28,5,0.17857142857142858,23
14118,19,1,0.05263157894736842,18
14119,46,4,0.08695652173913043,42
14120,4,0,0.0,4
14121,7,3,0.42857142857142855,4
14122,54,4,0.07407407407407407,50
14123,20,1,0.05,19
14124,55,2,0.03636363636363636,53
14125,81,0,0.0,81
14126,12,4,0.3333333333333333,8
14127,30,0,0.0,30
14128,35,5,0.14285714285714285,30
14129,48,2,0.041666666666666664,46
14130,46,0,0.0,46
14131,14,0,0.0,14
14132,56,1,0.017857142857142856,55
14133,17,4,0.23529411764705882,13
14134,11,2,0.18181818181818182,9
14135,78,1,0.01282051282051282,77
14136,52,1,0.019230769230769232,51
14137,53,2,0.03773584905660377,51
14138,12,0,0.0,12
14139,81,0,0.0,81
14140,53,1,0.018867924528301886,52
14141,39,4,0.10256410256410256,35
14142,19,0,0.0,19
14143,13,8,0.6153846153846154,5
14144,53,0,0.0,53
14145,51,1,0.0196078431372549,50
14146,41,4,0.0975609756097561,37
14147,39,2,0.05128205128205128,37
14148,69,0,0.0,69
14149,80,6,0.075,74
14150,50,0,0.0,50
14151,38,5,0.13157894736842105,33
14152,34,0,0.0,34
14153,81,1,0.012345679012345678,80
14154,22,5,0.22727272727272727,17
14155,32,1,0.03125,31
14156,35,0,0.0,35
14157,28,4,0.14285714285714285,24
14158,65,1,0.015384615384615385,64
14159,11,0,0.0,11
14160,7,1,0.14285714285714285,6
14161,40,7,0.175,33
14162,21,8,0.38095238095238093,13
14163,81,0,0.0,81
14164,80,1,0.0125,79
14165,15,1,0.06666666666666667,14
14166,79,0,0.0,79
14167,46,1,0.021739130434782608,45
14168,28,4,0.14285714285714285,24
14169,81,0,0.0,81
14170,43,1,0.023255813953488372,42
14171,67,0,0.0,67
14172,80,0,0.0,80
14173,81,1,0.012345679012345678,80
14174,29,0,0.0,29
14175,57,2,0.03508771929824561,55
14176,75,1,0.013333333333333334,74
14177,12,0,0.0,12
14178,24,0,0.0,24
14179,34,0,0.0,34
14180,64,1,0.015625,63
14181,37,0,0.0,37
14182,51,5,0.09803921568627451,46
14183,79,0,0.0,79
14184,16,7,0.4375,9
14185,25,1,0.04,24
14186,31,3,0.0967741935483871,28
14187,67,1,0.014925373134328358,66
14188,42,2,0.047619047619047616,40
14189,33,2,0.06060606060606061,31
14190,12,1,0.08333333333333333,11
14191,56,2,0.03571428571428571,54
14192,55,0,0.0,55
14193,68,1,0.014705882352941176,67
14194,81,0,0.0,81
14195,49,3,0.061224489795918366,46
14196,22,6,0.2727272727272727,16
14197,22,1,0.045454545454545456,21
14198,77,0,0.0,77
14199,75,0,0.0,75
14200,30,1,0.03333333333333333,29
14201,47,2,0.0425531914893617,45
14202,60,3,0.05,57
14203,56,0,0.0,56
14204,25,1,0.04,24
14205,8,3,0.375,5
14206,32,20,0.625,12
14207,20,1,0.05,19
14208,65,1,0.015384615384615385,64
14209,31,1,0.03225806451612903,30
14210,60,2,0.03333333333333333,58
14211,42,2,0.047619047619047616,40
14212,24,0,0.0,24
14213,35,1,0.02857142857142857,34
14214,13,0,0.0,13
14215,81,1,0.012345679012345678,80
14216,12,2,0.16666666666666666,10
14217,20,9,0.45,11
14218,37,2,0.05405405405405406,35
14219,39,1,0.02564102564102564,38
14220,59,0,0.0,59
14221,58,1,0.017241379310344827,57
14222,44,4,0.09090909090909091,40
14223,22,3,0.13636363636363635,19
14224,70,2,0.02857142857142857,68
14225,31,1,0.03225806451612903,30
14226,11,4,0.36363636363636365,7
14227,45,6,0.13333333333333333,39
14228,18,1,0.05555555555555555,17
14229,81,0,0.0,81
14230,79,0,0.0,79
14231,17,1,0.058823529411764705,16
14232,5,0,0.0,5
14233,23,3,0.13043478260869565,20
14234,2,2,1.0,0
14235,38,5,0.13157894736842105,33
14236,23,1,0.043478260869565216,22
14237,28,1,0.03571428571428571,27
14238,26,0,0.0,26
14239,51,0,0.0,51
14240,38,6,0.15789473684210525,32
14241,37,4,0.10810810810810811,33
14242,31,0,0.0,31
14243,31,2,0.06451612903225806,29
14244,81,1,0.012345679012345678,80
14245,12,4,0.3333333333333333,8
14246,10,7,0.7,3
14247,32,4,0.125,28
14248,56,2,0.03571428571428571,54
14249,31,3,0.0967741935483871,28
14250,3,0,0.0,3
14251,14,4,0.2857142857142857,10
14252,70,0,0.0,70
14253,47,1,0.02127659574468085,46
14254,2,1,0.5,1
14255,64,2,0.03125,62
14256,33,3,0.09090909090909091,30
14257,16,0,0.0,16
14258,12,0,0.0,12
14259,11,3,0.2727272727272727,8
14260,37,8,0.21621621621621623,29
14261,36,0,0.0,36
14262,35,0,0.0,35
14263,81,1,0.012345679012345678,80
14264,81,1,0.012345679012345678,80
14265,30,8,0.26666666666666666,22
14266,37,3,0.08108108108108109,34
14267,46,1,0.021739130434782608,45
14268,17,0,0.0,17
14269,22,6,0.2727272727272727,16
14270,24,0,0.0,24
14271,40,5,0.125,35
14272,50,2,0.04,48
14273,14,0,0.0,14
14274,19,0,0.0,19
14275,21,2,0.09523809523809523,19
14276,6,0,0.0,6
14277,45,1,0.022222222222222223,44
14278,50,2,0.04,48
14279,19,4,0.21052631578947367,15
14280,48,0,0.0,48
14281,46,2,0.043478260869565216,44
14282,44,5,0.11363636363636363,39
14283,81,0,0.0,81
14284,62,3,0.04838709677419355,59
14285,14,3,0.21428571428571427,11
14286,33,8,0.24242424242424243,25
14287,52,0,0.0,52
14288,24,5,0.20833333333333334,19
14289,34,2,0.058823529411764705,32
14290,74,1,0.013513513513513514,73
14291,11,2,0.18181818181818182,9
14292,15,1,0.06666666666666667,14
14293,5,0,0.0,5
14294,21,1,0.047619047619047616,20
14295,20,4,0.2,16
14296,59,0,0.0,59
14297,42,1,0.023809523809523808,41
14298,49,1,0.02040816326530612,48
14299,66,2,0.030303030303030304,64
14300,38,0,0.0,38
14301,78,0,0.0,78
14302,10,0,0.0,10
14303,9,4,0.4444444444444444,5
14304,38,3,0.07894736842105263,35
14305,39,4,0.10256410256410256,35
14306,18,7,0.3888888888888889,11
14307,61,1,0.01639344262295082,60
14308,50,3,0.06,47
14309,11,2,0.18181818181818182,9
14310,81,3,0.037037037037037035,78
14311,78,1,0.01282051282051282,77
14312,64,2,0.03125,62
14313,35,1,0.02857142857142857,34
14314,35,1,0.02857142857142857,34
14315,35,3,0.08571428571428572,32
14316,45,3,0.06666666666666667,42
14317,81,3,0.037037037037037035,78
14318,38,0,0.0,38
14319,45,6,0.13333333333333333,39
14320,29,0,0.0,29
14321,76,1,0.013157894736842105,75
14322,51,3,0.058823529411764705,48
14323,40,0,0.0,40
14324,25,8,0.32,17
14325,23,0,0.0,23
14326,81,0,0.0,81
14327,59,0,0.0,59
14328,78,0,0.0,78
14329,14,4,0.2857142857142857,10
14330,48,0,0.0,48
14331,76,0,0.0,76
14332,15,1,0.06666666666666667,14
14333,36,2,0.05555555555555555,34
14334,80,2,0.025,78
14335,76,1,0.013157894736842105,75
14336,37,5,0.13513513513513514,32
14337,23,0,0.0,23
14338,47,1,0.02127659574468085,46
14339,55,1,0.01818181818181818,54
14340,7,0,0.0,7
14341,60,0,0.0,60
14342,41,1,0.024390243902439025,40
14343,15,0,0.0,15
14344,65,0,0.0,65
14345,58,0,0.0,58
14346,80,3,0.0375,77
14347,73,1,0.0136986301369863,72
14348,81,1,0.012345679012345678,80
14349,65,2,0.03076923076923077,63
14350,35,3,0.08571428571428572,32
14351,54,2,0.037037037037037035,52
14352,54,2,0.037037037037037035,52
14353,11,1,0.09090909090909091,10
14354,50,4,0.08,46
14355,13,7,0.5384615384615384,6
14356,51,3,0.058823529411764705,48
14357,81,0,0.0,81
14358,9,0,0.0,9
14359,10,0,0.0,10
14360,66,3,0.045454545454545456,63
14361,81,0,0.0,81
14362,19,3,0.15789473684210525,16
14363,20,3,0.15,17
14364,39,0,0.0,39
14365,17,1,0.058823529411764705,16
14366,57,0,0.0,57
14367,32,4,0.125,28
14368,3,0,0.0,3
14369,54,3,0.05555555555555555,51
14370,48,4,0.08333333333333333,44
14371,79,2,0.02531645569620253,77
14372,35,2,0.05714285714285714,33
14373,11,7,0.6363636363636364,4
14374,20,3,0.15,17
14375,7,3,0.42857142857142855,4
14376,15,3,0.2,12
14377,26,0,0.0,26
14378,8,0,0.0,8
14379,80,0,0.0,80
14380,67,1,0.014925373134328358,66
14381,42,5,0.11904761904761904,37
14382,35,0,0.0,35
14383,38,0,0.0,38
14384,18,0,0.0,18
14385,43,0,0.0,43
14386,19,2,0.10526315789473684,17
14387,29,1,0.034482758620689655,28
14388,55,0,0.0,55
14389,37,0,0.0,37
14390,21,1,0.047619047619047616,20
14391,33,1,0.030303030303030304,32
14392,81,0,0.0,81
14393,39,5,0.1282051282051282,34
14394,52,0,0.0,52
14395,49,0,0.0,49
14396,40,2,0.05,38
14397,52,0,0.0,52
14398,50,3,0.06,47
14399,49,4,0.08163265306122448,45
14400,47,2,0.0425531914893617,45
14401,71,1,0.014084507042253521,70
14402,47,8,0.1702127659574468,39
14403,53,1,0.018867924528301886,52
14404,43,1,0.023255813953488372,42
14405,48,1,0.020833333333333332,47
14406,73,0,0.0,73
14407,45,1,0.022222222222222223,44
14408,51,1,0.0196078431372549,50
14409,48,2,0.041666666666666664,46
14410,29,2,0.06896551724137931,27
14411,47,0,0.0,47
14412,33,2,0.06060606060606061,31
14413,36,1,0.027777777777777776,35
14414,61,0,0.0,61
14415,18,3,0.16666666666666666,15
14416,38,4,0.10526315789473684,34
14417,43,2,0.046511627906976744,41
14418,11,2,0.18181818181818182,9
14419,29,1,0.034482758620689655,28
14420,63,2,0.031746031746031744,61
14421,6,0,0.0,6
14422,81,0,0.0,81
14423,43,6,0.13953488372093023,37
14424,25,9,0.36,16
14425,81,0,0.0,81
14426,67,3,0.04477611940298507,64
14427,81,0,0.0,81
14428,69,1,0.014492753623188406,68
14429,52,3,0.057692307692307696,49
14430,81,1,0.012345679012345678,80
14431,62,0,0.0,62
14432,25,2,0.08,23
14433,58,0,0.0,58
14434,43,1,0.023255813953488372,42
14435,20,1,0.05,19
14436,25,2,0.08,23
14437,41,1,0.024390243902439025,40
14438,81,0,0.0,81
14439,50,2,0.04,48
14440,37,3,0.08108108108108109,34
14441,24,3,0.125,21
14442,44,6,0.13636363636363635,38
14443,81,0,0.0,81
14444,45,1,0.022222222222222223,44
14445,81,0,0.0,81
14446,51,0,0.0,51
14447,5,1,0.2,4
14448,81,0,0.0,81
14449,29,2,0.06896551724137931,27
14450,44,0,0.0,44
14451,14,7,0.5,7
14452,35,1,0.02857142857142857,34
14453,81,0,0.0,81
14454,81,0,0.0,81
14455,45,0,0.0,45
14456,72,0,0.0,72
14457,14,0,0.0,14
14458,28,6,0.21428571428571427,22
14459,17,3,0.17647058823529413,14
14460,81,2,0.024691358024691357,79
14461,81,0,0.0,81
14462,60,1,0.016666666666666666,59
14463,18,2,0.1111111111111111,16
14464,74,0,0.0,74
14465,55,2,0.03636363636363636,53
14466,18,1,0.05555555555555555,17
14467,17,0,0.0,17
14468,15,6,0.4,9
14469,15,0,0.0,15
14470,25,0,0.0,25
14471,23,0,0.0,23
14472,17,5,0.29411764705882354,12
14473,18,0,0.0,18
14474,6,0,0.0,6
14475,32,2,0.0625,30
14476,64,1,0.015625,63
14477,28,1,0.03571428571428571,27
14478,15,0,0.0,15
14479,31,6,0.1935483870967742,25
14480,27,3,0.1111111111111111,24
14481,6,2,0.3333333333333333,4
14482,55,3,0.05454545454545454,52
14483,44,1,0.022727272727272728,43
14484,25,2,0.08,23
14485,10,2,0.2,8
14486,32,3,0.09375,29
14487,41,2,0.04878048780487805,39
14488,37,1,0.02702702702702703,36
14489,17,5,0.29411764705882354,12
14490,54,0,0.0,54
14491,24,0,0.0,24
14492,22,0,0.0,22
14493,55,1,0.01818181818181818,54
14494,73,1,0.0136986301369863,72
14495,21,0,0.0,21
14496,35,1,0.02857142857142857,34
14497,65,1,0.015384615384615385,64
14498,22,3,0.13636363636363635,19
14499,81,0,0.0,81
14500,52,1,0.019230769230769232,51
14501,79,1,0.012658227848101266,78
14502,33,0,0.0,33
14503,34,1,0.029411764705882353,33
14504,11,4,0.36363636363636365,7
14505,48,2,0.041666666666666664,46
14506,37,6,0.16216216216216217,31
14507,35,0,0.0,35
14508,25,6,0.24,19
14509,56,0,0.0,56
14510,11,0,0.0,11
14511,19,1,0.05263157894736842,18
14512,68,1,0.014705882352941176,67
14513,72,0,0.0,72
14514,4,2,0.5,2
14515,34,2,0.058823529411764705,32
14516,12,2,0.16666666666666666,10
14517,43,0,0.0,43
14518,38,5,0.13157894736842105,33
14519,41,3,0.07317073170731707,38
14520,25,0,0.0,25
14521,49,3,0.061224489795918366,46
14522,24,0,0.0,24
14523,81,1,0.012345679012345678,80
14524,51,2,0.0392156862745098,49
14525,25,3,0.12,22
14526,39,2,0.05128205128205128,37
14527,38,5,0.13157894736842105,33
14528,81,0,0.0,81
14529,30,4,0.13333333333333333,26
14530,29,0,0.0,29
14531,33,0,0.0,33
14532,34,0,0.0,34
14533,38,5,0.13157894736842105,33
14534,58,11,0.1896551724137931,47
14535,31,5,0.16129032258064516,26
14536,32,6,0.1875,26
14537,81,1,0.012345679012345678,80
14538,41,0,0.0,41
14539,7,1,0.14285714285714285,6
14540,32,0,0.0,32
14541,50,2,0.04,48
14542,27,1,0.037037037037037035,26
14543,81,2,0.024691358024691357,79
14544,40,1,0.025,39
14545,7,0,0.0,7
14546,18,0,0.0,18
14547,34,0,0.0,34
14548,81,0,0.0,81
14549,30,3,0.1,27
14550,81,0,0.0,81
14551,5,0,0.0,5
14552,28,2,0.07142857142857142,26
14553,49,12,0.24489795918367346,37
14554,34,0,0.0,34
14555,16,0,0.0,16
14556,11,1,0.09090909090909091,10
14557,33,0,0.0,33
14558,44,2,0.045454545454545456,42
14559,14,3,0.21428571428571427,11
14560,9,0,0.0,9
14561,7,5,0.7142857142857143,2
14562,81,0,0.0,81
14563,42,0,0.0,42
14564,13,0,0.0,13
14565,76,0,0.0,76
14566,14,1,0.07142857142857142,13
14567,29,2,0.06896551724137931,27
14568,44,2,0.045454545454545456,42
14569,27,8,0.2962962962962963,19
14570,72,2,0.027777777777777776,70
14571,28,0,0.0,28
14572,55,3,0.05454545454545454,52
14573,81,1,0.012345679012345678,80
14574,80,2,0.025,78
14575,43,0,0.0,43
14576,20,1,0.05,19
14577,81,36,0.4444444444444444,45
14578,41,2,0.04878048780487805,39
14579,4,0,0.0,4
14580,10,4,0.4,6
14581,32,3,0.09375,29
14582,43,1,0.023255813953488372,42
14583,7,0,0.0,7
14584,4,4,1.0,0
14585,45,7,0.15555555555555556,38
14586,80,1,0.0125,79
14587,26,5,0.19230769230769232,21
14588,62,0,0.0,62
14589,70,0,0.0,70
14590,25,4,0.16,21
14591,80,0,0.0,80
14592,29,3,0.10344827586206896,26
14593,12,0,0.0,12
14594,53,0,0.0,53
14595,27,1,0.037037037037037035,26
14596,64,0,0.0,64
14597,46,2,0.043478260869565216,44
14598,31,4,0.12903225806451613,27
14599,29,0,0.0,29
14600,81,1,0.012345679012345678,80
14601,60,0,0.0,60
14602,81,1,0.012345679012345678,80
14603,33,2,0.06060606060606061,31
14604,17,3,0.17647058823529413,14
14605,10,4,0.4,6
14606,21,2,0.09523809523809523,19
14607,12,0,0.0,12
14608,71,1,0.014084507042253521,70
14609,72,1,0.013888888888888888,71
14610,27,2,0.07407407407407407,25
14611,20,1,0.05,19
14612,40,3,0.075,37
14613,21,3,0.14285714285714285,18
14614,67,0,0.0,67
14615,6,1,0.16666666666666666,5
14616,42,5,0.11904761904761904,37
14617,66,0,0.0,66
14618,81,3,0.037037037037037035,78
14619,38,2,0.05263157894736842,36
14620,24,0,0.0,24
14621,11,3,0.2727272727272727,8
14622,29,2,0.06896551724137931,27
14623,58,2,0.034482758620689655,56
14624,54,1,0.018518518518518517,53
14625,43,1,0.023255813953488372,42
14626,21,0,0.0,21
14627,47,0,0.0,47
14628,33,1,0.030303030303030304,32
14629,80,0,0.0,80
14630,26,5,0.19230769230769232,21
14631,64,1,0.015625,63
14632,65,2,0.03076923076923077,63
14633,7,6,0.8571428571428571,1
14634,23,0,0.0,23
14635,30,1,0.03333333333333333,29
14636,33,0,0.0,33
14637,17,1,0.058823529411764705,16
14638,23,0,0.0,23
14639,52,0,0.0,52
14640,16,0,0.0,16
14641,33,1,0.030303030303030304,32
14642,18,5,0.2777777777777778,13
14643,10,1,0.1,9
14644,4,1,0.25,3
14645,64,1,0.015625,63
14646,55,0,0.0,55
14647,81,0,0.0,81
14648,31,0,0.0,31
14649,47,2,0.0425531914893617,45
14650,9,0,0.0,9
14651,23,3,0.13043478260869565,20
14652,62,2,0.03225806451612903,60
14653,63,0,0.0,63
14654,79,1,0.012658227848101266,78
14655,14,1,0.07142857142857142,13
14656,54,0,0.0,54
14657,81,0,0.0,81
14658,30,6,0.2,24
14659,23,4,0.17391304347826086,19
14660,72,0,0.0,72
14661,81,0,0.0,81
14662,76,1,0.013157894736842105,75
14663,74,0,0.0,74
14664,14,4,0.2857142857142857,10
14665,56,1,0.017857142857142856,55
14666,35,5,0.14285714285714285,30
14667,8,2,0.25,6
14668,27,9,0.3333333333333333,18
14669,65,0,0.0,65
14670,45,1,0.022222222222222223,44
14671,48,2,0.041666666666666664,46
14672,7,2,0.2857142857142857,5
14673,25,3,0.12,22
14674,78,1,0.01282051282051282,77
14675,64,5,0.078125,59
14676,56,0,0.0,56
14677,43,2,0.046511627906976744,41
14678,34,1,0.029411764705882353,33
14679,72,0,0.0,72
14680,42,0,0.0,42
14681,42,3,0.07142857142857142,39
14682,50,2,0.04,48
14683,48,1,0.020833333333333332,47
14684,31,1,0.03225806451612903,30
14685,63,1,0.015873015873015872,62
14686,24,1,0.041666666666666664,23
14687,19,0,0.0,19
14688,20,1,0.05,19
14689,45,2,0.044444444444444446,43
14690,55,1,0.01818181818181818,54
14691,19,2,0.10526315789473684,17
14692,53,2,0.03773584905660377,51
14693,36,2,0.05555555555555555,34
14694,28,4,0.14285714285714285,24
14695,60,1,0.016666666666666666,59
14696,31,1,0.03225806451612903,30
14697,6,0,0.0,6
14698,4,0,0.0,4
14699,46,1,0.021739130434782608,45
14700,69,1,0.014492753623188406,68
14701,46,0,0.0,46
14702,72,2,0.027777777777777776,70
14703,7,6,0.8571428571428571,1
14704,32,1,0.03125,31
14705,34,0,0.0,34
14706,14,1,0.07142857142857142,13
14707,37,4,0.10810810810810811,33
14708,79,4,0.05063291139240506,75
14709,71,1,0.014084507042253521,70
14710,23,4,0.17391304347826086,19
14711,77,1,0.012987012987012988,76
14712,25,8,0.32,17
14713,75,0,0.0,75
14714,22,4,0.18181818181818182,18
14715,43,1,0.023255813953488372,42
14716,10,1,0.1,9
14717,54,1,0.018518518518518517,53
14718,81,0,0.0,81
14719,81,0,0.0,81
14720,41,3,0.07317073170731707,38
14721,43,4,0.09302325581395349,39
14722,51,0,0.0,51
14723,42,2,0.047619047619047616,40
14724,29,2,0.06896551724137931,27
14725,27,3,0.1111111111111111,24
14726,35,0,0.0,35
14727,34,0,0.0,34
14728,24,1,0.041666666666666664,23
14729,24,1,0.041666666666666664,23
14730,4,1,0.25,3
14731,50,1,0.02,49
14732,11,3,0.2727272727272727,8
14733,43,4,0.09302325581395349,39
14734,14,1,0.07142857142857142,13
14735,26,2,0.07692307692307693,24
14736,81,0,0.0,81
14737,38,1,0.02631578947368421,37
14738,31,5,0.16129032258064516,26
14739,81,2,0.024691358024691357,79
14740,40,0,0.0,40
14741,49,5,0.10204081632653061,44
14742,47,0,0.0,47
14743,79,0,0.0,79
14744,33,2,0.06060606060606061,31
14745,24,3,0.125,21
14746,81,0,0.0,81
14747,9,0,0.0,9
14748,9,0,0.0,9
14749,39,1,0.02564102564102564,38
14750,8,3,0.375,5
14751,22,0,0.0,22
14752,14,5,0.35714285714285715,9
14753,56,1,0.017857142857142856,55
14754,15,1,0.06666666666666667,14
14755,8,0,0.0,8
14756,28,7,0.25,21
14757,16,2,0.125,14
14758,74,1,0.013513513513513514,73
14759,14,0,0.0,14
14760,59,2,0.03389830508474576,57
14761,46,5,0.10869565217391304,41
14762,56,2,0.03571428571428571,54
14763,5,1,0.2,4
14764,14,2,0.14285714285714285,12
14765,73,6,0.0821917808219178,67
14766,55,1,0.01818181818181818,54
14767,24,4,0.16666666666666666,20
14768,34,3,0.08823529411764706,31
14769,75,0,0.0,75
14770,48,4,0.08333333333333333,44
14771,8,2,0.25,6
14772,81,0,0.0,81
14773,72,1,0.013888888888888888,71
14774,19,5,0.2631578947368421,14
14775,28,0,0.0,28
14776,66,1,0.015151515151515152,65
14777,81,1,0.012345679012345678,80
14778,52,6,0.11538461538461539,46
14779,32,0,0.0,32
14780,70,1,0.014285714285714285,69
14781,15,0,0.0,15
14782,28,2,0.07142857142857142,26
14783,41,0,0.0,41
14784,60,1,0.016666666666666666,59
14785,38,4,0.10526315789473684,34
14786,7,4,0.5714285714285714,3
14787,27,2,0.07407407407407407,25
14788,18,0,0.0,18
14789,9,0,0.0,9
14790,23,2,0.08695652173913043,21
14791,21,7,0.3333333333333333,14
14792,40,0,0.0,40
14793,56,0,0.0,56
14794,70,5,0.07142857142857142,65
14795,81,1,0.012345679012345678,80
14796,70,0,0.0,70
14797,68,0,0.0,68
14798,32,2,0.0625,30
14799,81,0,0.0,81
14800,17,0,0.0,17
14801,51,1,0.0196078431372549,50
14802,81,0,0.0,81
14803,32,2,0.0625,30
14804,8,5,0.625,3
14805,28,5,0.17857142857142858,23
14806,29,3,0.10344827586206896,26
14807,42,2,0.047619047619047616,40
14808,24,7,0.2916666666666667,17
14809,77,0,0.0,77
14810,59,3,0.05084745762711865,56
14811,27,7,0.25925925925925924,20
14812,81,38,0.4691358024691358,43
14813,80,1,0.0125,79
14814,47,0,0.0,47
14815,30,4,0.13333333333333333,26
14816,51,2,0.0392156862745098,49
14817,7,1,0.14285714285714285,6
14818,48,5,0.10416666666666667,43
14819,12,5,0.4166666666666667,7
14820,17,0,0.0,17
14821,80,1,0.0125,79
14822,12,2,0.16666666666666666,10
14823,18,0,0.0,18
14824,51,4,0.0784313725490196,47
14825,17,0,0.0,17
14826,56,1,0.017857142857142856,55
14827,12,2,0.16666666666666666,10
14828,46,2,0.043478260869565216,44
14829,68,0,0.0,68
14830,72,2,0.027777777777777776,70
14831,55,0,0.0,55
14832,34,3,0.08823529411764706,31
14833,7,3,0.42857142857142855,4
14834,3,3,1.0,0
14835,45,0,0.0,45
14836,9,0,0.0,9
14837,5,0,0.0,5
14838,34,3,0.08823529411764706,31
14839,15,6,0.4,9
14840,15,0,0.0,15
14841,53,5,0.09433962264150944,48
14842,34,2,0.058823529411764705,32
14843,22,5,0.22727272727272727,17
14844,34,3,0.08823529411764706,31
14845,12,4,0.3333333333333333,8
14846,14,6,0.42857142857142855,8
14847,69,0,0.0,69
14848,77,1,0.012987012987012988,76
14849,14,0,0.0,14
14850,45,1,0.022222222222222223,44
14851,39,0,0.0,39
14852,61,2,0.03278688524590164,59
14853,81,0,0.0,81
14854,32,0,0.0,32
14855,57,0,0.0,57
14856,51,1,0.0196078431372549,50
14857,30,5,0.16666666666666666,25
14858,80,2,0.025,78
14859,46,0,0.0,46
14860,8,1,0.125,7
14861,48,2,0.041666666666666664,46
14862,35,2,0.05714285714285714,33
14863,34,3,0.08823529411764706,31
14864,80,0,0.0,80
14865,55,1,0.01818181818181818,54
14866,75,5,0.06666666666666667,70
14867,10,7,0.7,3
14868,75,2,0.02666666666666667,73
14869,38,6,0.15789473684210525,32
14870,51,1,0.0196078431372549,50
14871,27,1,0.037037037037037035,26
14872,40,2,0.05,38
14873,18,0,0.0,18
14874,15,0,0.0,15
14875,15,3,0.2,12
14876,18,7,0.3888888888888889,11
14877,80,0,0.0,80
14878,48,0,0.0,48
14879,37,7,0.1891891891891892,30
14880,81,0,0.0,81
14881,81,0,0.0,81
14882,23,1,0.043478260869565216,22
14883,46,5,0.10869565217391304,41
14884,70,1,0.014285714285714285,69
14885,19,4,0.21052631578947367,15
14886,48,1,0.020833333333333332,47
14887,28,1,0.03571428571428571,27
14888,57,0,0.0,57
14889,61,0,0.0,61
14890,20,2,0.1,18
14891,22,0,0.0,22
14892,26,5,0.19230769230769232,21
14893,81,1,0.012345679012345678,80
14894,78,1,0.01282051282051282,77
14895,71,1,0.014084507042253521,70
14896,59,4,0.06779661016949153,55
14897,23,0,0.0,23
14898,47,2,0.0425531914893617,45
14899,32,2,0.0625,30
14900,80,0,0.0,80
14901,9,0,0.0,9
14902,39,8,0.20512820512820512,31
14903,43,6,0.13953488372093023,37
14904,10,2,0.2,8
14905,48,3,0.0625,45
14906,48,3,0.0625,45
14907,29,3,0.10344827586206896,26
14908,44,3,0.06818181818181818,41
14909,19,0,0.0,19
14910,61,1,0.01639344262295082,60
14911,35,2,0.05714285714285714,33
14912,66,1,0.015151515151515152,65
14913,12,6,0.5,6
14914,62,2,0.03225806451612903,60
14915,49,2,0.04081632653061224,47
14916,14,0,0.0,14
14917,68,1,0.014705882352941176,67
14918,81,3,0.037037037037037035,78
14919,14,0,0.0,14
14920,56,1,0.017857142857142856,55
14921,22,1,0.045454545454545456,21
14922,70,2,0.02857142857142857,68
14923,36,3,0.08333333333333333,33
14924,55,1,0.01818181818181818,54
14925,47,2,0.0425531914893617,45
14926,1,0,0.0,1
14927,24,2,0.08333333333333333,22
14928,16,2,0.125,14
14929,34,1,0.029411764705882353,33
14930,28,0,0.0,28
14931,6,1,0.16666666666666666,5
14932,63,1,0.015873015873015872,62
14933,31,3,0.0967741935483871,28
14934,3,3,1.0,0
14935,36,1,0.027777777777777776,35
14936,11,11,1.0,0
14937,1,0,0.0,1
14938,46,0,0.0,46
14939,17,0,0.0,17
14940,70,1,0.014285714285714285,69
14941,28,3,0.10714285714285714,25
14942,22,0,0.0,22
14943,81,19,0.2345679012345679,62
14944,81,0,0.0,81
14945,78,1,0.01282051282051282,77
14946,81,0,0.0,81
14947,29,0,0.0,29
14948,12,0,0.0,12
14949,41,1,0.024390243902439025,40
14950,10,0,0.0,10
14951,31,2,0.06451612903225806,29
14952,56,2,0.03571428571428571,54
14953,23,0,0.0,23
14954,26,0,0.0,26
14955,15,0,0.0,15
14956,58,1,0.017241379310344827,57
14957,80,1,0.0125,79
14958,18,0,0.0,18
14959,52,2,0.038461538461538464,50
14960,81,1,0.012345679012345678,80
14961,41,1,0.024390243902439025,40
14962,53,1,0.018867924528301886,52
14963,81,0,0.0,81
14964,58,1,0.017241379310344827,57
14965,80,0,0.0,80
14966,47,1,0.02127659574468085,46
14967,29,3,0.10344827586206896,26
14968,24,1,0.041666666666666664,23
14969,45,5,0.1111111111111111,40
14970,23,3,0.13043478260869565,20
14971,64,2,0.03125,62
14972,81,1,0.012345679012345678,80
14973,1,0,0.0,1
14974,33,3,0.09090909090909091,30
14975,43,2,0.046511627906976744,41
14976,35,3,0.08571428571428572,32
14977,68,1,0.014705882352941176,67
14978,27,5,0.18518518518518517,22
14979,25,8,0.32,17
14980,28,1,0.03571428571428571,27
14981,81,1,0.012345679012345678,80
14982,45,3,0.06666666666666667,42
14983,68,7,0.10294117647058823,61
14984,50,0,0.0,50
14985,45,1,0.022222222222222223,44
14986,68,1,0.014705882352941176,67
14987,44,1,0.022727272727272728,43
14988,47,0,0.0,47
14989,39,4,0.10256410256410256,35
14990,81,0,0.0,81
14991,55,1,0.01818181818181818,54
14992,22,0,0.0,22
14993,21,6,0.2857142857142857,15
14994,14,3,0.21428571428571427,11
14995,52,1,0.019230769230769232,51
14996,67,4,0.05970149253731343,63
14997,81,32,0.3950617283950617,49
14998,69,1,0.014492753623188406,68
14999,27,4,0.14814814814814814,23
15000,8,1,0.125,7
15001,11,4,0.36363636363636365,7
15002,19,1,0.05263157894736842,18
15003,63,1,0.015873015873015872,62
15004,81,0,0.0,81
15005,81,0,0.0,81
15006,2,0,0.0,2
15007,33,3,0.09090909090909091,30
15008,11,1,0.09090909090909091,10
15009,77,0,0.0,77
15010,66,1,0.015151515151515152,65
15011,64,3,0.046875,61
15012,68,3,0.04411764705882353,65
15013,11,7,0.6363636363636364,4
15014,80,0,0.0,80
15015,57,0,0.0,57
15016,12,0,0.0,12
15017,24,2,0.08333333333333333,22
15018,28,0,0.0,28
15019,51,1,0.0196078431372549,50
15020,30,1,0.03333333333333333,29
15021,30,3,0.1,27
15022,81,0,0.0,81
15023,60,2,0.03333333333333333,58
15024,49,1,0.02040816326530612,48
15025,23,2,0.08695652173913043,21
15026,24,4,0.16666666666666666,20
15027,80,1,0.0125,79
15028,50,0,0.0,50
15029,40,5,0.125,35
15030,78,1,0.01282051282051282,77
15031,45,3,0.06666666666666667,42
15032,23,0,0.0,23
15033,36,4,0.1111111111111111,32
15034,18,3,0.16666666666666666,15
15035,34,0,0.0,34
15036,23,5,0.21739130434782608,18
15037,59,1,0.01694915254237288,58
15038,12,0,0.0,12
15039,45,1,0.022222222222222223,44
15040,41,0,0.0,41
15041,77,3,0.03896103896103896,74
15042,39,4,0.10256410256410256,35
15043,46,1,0.021739130434782608,45
15044,40,3,0.075,37
15045,16,1,0.0625,15
15046,46,0,0.0,46
15047,45,1,0.022222222222222223,44
15048,55,1,0.01818181818181818,54
15049,72,0,0.0,72
15050,9,1,0.1111111111111111,8
15051,81,0,0.0,81
15052,23,6,0.2608695652173913,17
15053,31,0,0.0,31
15054,53,0,0.0,53
15055,12,0,0.0,12
15056,12,0,0.0,12
15057,38,2,0.05263157894736842,36
15058,46,1,0.021739130434782608,45
15059,51,0,0.0,51
15060,79,0,0.0,79
15061,22,4,0.18181818181818182,18
15062,23,2,0.08695652173913043,21
15063,30,2,0.06666666666666667,28
15064,16,4,0.25,12
15065,57,1,0.017543859649122806,56
15066,29,4,0.13793103448275862,25
15067,47,5,0.10638297872340426,42
15068,81,1,0.012345679012345678,80
15069,36,0,0.0,36
15070,60,0,0.0,60
15071,36,0,0.0,36
15072,21,3,0.14285714285714285,18
15073,22,0,0.0,22
15074,3,0,0.0,3
15075,43,3,0.06976744186046512,40
15076,47,5,0.10638297872340426,42
15077,43,3,0.06976744186046512,40
15078,62,2,0.03225806451612903,60
15079,80,1,0.0125,79
15080,70,0,0.0,70
15081,50,1,0.02,49
15082,5,1,0.2,4
15083,52,1,0.019230769230769232,51
15084,30,4,0.13333333333333333,26
15085,46,1,0.021739130434782608,45
15086,19,0,0.0,19
15087,71,0,0.0,71
15088,81,0,0.0,81
15089,69,4,0.057971014492753624,65
15090,50,2,0.04,48
15091,48,0,0.0,48
15092,15,2,0.13333333333333333,13
15093,20,5,0.25,15
15094,81,0,0.0,81
15095,49,10,0.20408163265306123,39
15096,39,3,0.07692307692307693,36
15097,74,2,0.02702702702702703,72
15098,53,5,0.09433962264150944,48
15099,6,1,0.16666666666666666,5
15100,50,50,1.0,0
15101,81,0,0.0,81
15102,57,2,0.03508771929824561,55
15103,40,2,0.05,38
15104,12,4,0.3333333333333333,8
15105,8,7,0.875,1
15106,18,7,0.3888888888888889,11
15107,30,2,0.06666666666666667,28
15108,81,0,0.0,81
15109,44,1,0.022727272727272728,43
15110,81,0,0.0,81
15111,9,1,0.1111111111111111,8
15112,50,0,0.0,50
15113,48,1,0.020833333333333332,47
15114,18,1,0.05555555555555555,17
15115,30,2,0.06666666666666667,28
15116,81,1,0.012345679012345678,80
15117,49,1,0.02040816326530612,48
15118,41,0,0.0,41
15119,81,0,0.0,81
15120,22,0,0.0,22
15121,5,0,0.0,5
15122,49,11,0.22448979591836735,38
15123,35,1,0.02857142857142857,34
15124,15,3,0.2,12
15125,4,3,0.75,1
15126,46,1,0.021739130434782608,45
15127,45,12,0.26666666666666666,33
15128,77,0,0.0,77
15129,31,3,0.0967741935483871,28
15130,54,6,0.1111111111111111,48
15131,43,0,0.0,43
15132,81,0,0.0,81
15133,69,3,0.043478260869565216,66
15134,23,0,0.0,23
15135,8,0,0.0,8
15136,24,0,0.0,24
15137,62,2,0.03225806451612903,60
15138,47,0,0.0,47
15139,56,1,0.017857142857142856,55
15140,47,0,0.0,47
15141,14,1,0.07142857142857142,13
15142,19,1,0.05263157894736842,18
15143,25,0,0.0,25
15144,52,1,0.019230769230769232,51
15145,49,0,0.0,49
15146,74,1,0.013513513513513514,73
15147,81,0,0.0,81
15148,81,0,0.0,81
15149,8,0,0.0,8
15150,33,0,0.0,33
15151,55,2,0.03636363636363636,53
15152,78,2,0.02564102564102564,76
15153,23,0,0.0,23
15154,29,0,0.0,29
15155,62,3,0.04838709677419355,59
15156,3,3,1.0,0
